# Advance widths in 1/1000 em from Liberation Sans, Serif and Mono (SIL OFL 1.1), the metric-compatible
# substitutes for Arial, Times New Roman and Courier New. Line: family|style bits (1 bold, 2 italic)|first|widths
Arial|0|0374|333 333
Arial|0|037A|333 500 500 500 278
Arial|0|0384|333 333 667 278 784 838 384
Arial|0|038C|774
Arial|0|038E|855 752 222 667 667 551 668 667 611 722 778 278 667 668 833 722 650 778 722 667
Arial|0|03A3|618 611 667 798 667 835 748 278 667 578 446 556 222 547 578 575 500 557 446 441 556 556 222 500 500 576 500 448 556 690 569 482 617 395 547 648 525 713 781 222 547 556 547 781
Arial|0|03D0|575 547 772 958 772 560 781 601 778 556 722 500 611 404 625 529 756 577 891 833 674 556 674 500 667 667 609 596 737 554 464 410 601 573 500 222 778 442 442 667 556 722 833 688 569 722 722 722 667 667 865 542 719 667 278 278 500 1057 1010 854 583 719 635 719 667 656 667 542 677 667 923 604 719 719 583 656 833 722 778 719 667 722 611 635 760 667 740 667 917 938 792 885 656 719 1010 722 556 573 531 365 583 556 669 458 559 559 438 583 688 552 556 542 556 500 458 500 823 500 573 521 802 823 625 719 521 510 750 542 556 556 556 365 510 500 222 278 222 906 812 556 438 559 500 552 1338 624 778 613 950 713 668 500 897 695 829 685 1053 867 604 458 796 688 778 556 803 631 803 631 1074 896 833 612 1191 852 1338 624 722 500 503 0 0 0 0 0 0 0 719 559 656 521 667 556 489 411 542 365 670 549 923 669 604 458 583 438 583 438 583 438 742 536 722 552 879 648 1137 870 753 521 722 500 611 458 556 500 556 500 667 500 925 691 667 521 667 521 667 556 861 666 861 666 278 923 669 667 551 656 583 722 552 722 552 667 521 833 688 222 667 556 667 556 1000 889 667 556 752 556 752 556 923 669 604 458 604 545 719 559 719 559 778 556 778 556 778 556 719 510 635 500 635 500 635 500 667 521 542 365 885 719 542 365 667 500 667 500 656 556 968 876 956 815 663 509 970 910 1034 878 778 559 747 666 604 458 656 583
Arial|0|051A|778 556 944 722
Arial|0|0591|0 0 0 0 0 0 0 0 0 0 0 0 0 0 0 0 0 0 0 0 0 0 0 0 0 0 0 0 0 0 0 0 0 0 0 0 0 0 0 0 0 0 0 0 0 383 0 563 0 0 278 0 0 379 0
Arial|0|05D0|628 598 423 554 634 260 323 658 653 260 534 525 530 678 687 260 389 656 582 623 610 504 545 590 534 730 691
Arial|0|05F0|509 509 509 385 603
Arial|0|1F00|578 578 578 578 578 578 578 578 667 667 813 813 813 813 813 813 446 446 446 446 446 446
Arial|0|1F18|765 765 928 928 928 928
Arial|0|1F20|556 556 556 556 556 556 556 556 820 820 1015 1015 1015 1015 1015 1015 222 222 222 222 222 222 222 222 375 375 571 571 571 571 571 571 556 556 556 556 556 556
Arial|0|1F48|827 827 1022 1022 973 973
Arial|0|1F50|547 547 547 547 547 547 547 547
Arial|0|1F59|813
Arial|0|1F5B|960
Arial|0|1F5D|1009
Arial|0|1F5F|960 781 781 781 781 781 781 781 781 796 796 992 992 943 943 943 943 578 578 446 446 556 556 222 222 556 556 547 547 781 781
Arial|0|1F80|578 578 578 578 578 578 578 578 667 667 813 813 813 813 813 813 556 556 556 556 556 556 556 556 820 820 1015 1015 1015 1015 1015 1015 781 781 781 781 781 781 781 781 796 796 992 992 943 943 943 943 578 578 578 578 578
Arial|0|1FB6|578 578 667 667 667 667 667 333 333 333 333 333 556 556 556
Arial|0|1FC6|556 556 813 813 869 869 722 333 333 333 222 222 222 222
Arial|0|1FD6|222 222 278 278 424 424
Arial|0|1FDD|333 333 333 547 547 547 547 569 569 547 547 667 667 862 887 765 333 333 333
Arial|0|1FF2|781 781 781
Arial|0|1FF6|781 781 924 827 894 796 748 333 333
Arial|0|FB1D|260 0 509 582 628 554 634 525 530 678 534 691 562 730 730 730 730 628 628 628 598 423 554 634 260 323
Arial|0|FB38|653 260 534 525 530
Arial|0|FB3E|687
Arial|0|FB40|389 656
Arial|0|FB43|623 610
Arial|0|FB46|545 590 534 730 691 260 598 525 610 628
Arial|1|0374|333 333
Arial|1|037A|333 556 556 556 333
Arial|1|0384|333 465 722 333 853 906 474
Arial|1|038C|825
Arial|1|038E|927 838 278 722 722 601 719 667 611 722 778 278 722 667 833 722 644 778 722 667
Arial|1|03A3|600 611 667 821 667 809 802 278 667 615 451 611 278 582 615 610 556 606 475 460 611 541 278 558 556 612 556 445 611 766 619 520 684 446 582 715 576 753 845 278 582 611 582 845
Arial|1|03D0|610 582 770 1001 770 750 845 676 778 611 722 556 611 452 751 529 804 610 992 889 703 611 703 605 667 667 643 604 735 578 507 439 676 618 556 278 778 479 479 667 611 722 833 740 619 722 722 722 667 669 885 567 711 667 278 276 556 1094 1062 875 610 719 622 719 722 719 722 567 712 667 904 626 719 719 610 702 833 722 778 719 667 722 611 622 854 667 730 703 1005 1019 870 979 719 711 1031 719 556 618 615 417 635 556 709 497 615 615 500 635 740 604 611 604 611 556 490 556 875 556 615 581 833 844 729 854 615 552 854 583 556 556 611 417 552 556 278 281 278 969 906 611 500 615 556 604 1280 778 869 703 976 796 667 556 926 800 809 753 1077 980 626 497 809 753 778 611 815 646 815 646 1120 974 814 638 1280 901 1280 778 722 556 584 0 0 0 0 0 0 0 719 615 719 615 667 611 487 447 567 417 703 598 904 709 626 497 610 500 610 500 610 500 761 623 722 604 879 714 1126 921 722 578 722 556 611 490 556 556 556 556 667 556 853 689 703 581 703 581 703 611 856 678 856 678 278 904 709 702 598 702 635 722 604 722 604 703 581 833 740 278 722 556 722 556 1000 889 667 556 726 556 726 556 904 709 626 497 626 526 719 615 719 615 778 611 778 611 778 611 711 552 622 556 622 556 622 556 703 581 567 417 979 854 567 417 667 556 667 556 719 611 1030 935 959 846 658 536 1013 956 1033 925 778 586 766 701 626 497 702 635
Arial|1|051A|778 611 944 778
Arial|1|0591|0 0 0 0 0 0 0 0 0 0 0 0 0 0 0 0 0 0 0 0 0 0 0 0 0 0 0 0 0 0 0 0 0 0 0 0 0 0 0 0 0 0 0 0 0 383 0 563 0 0 333 0 0 421 0
Arial|1|05D0|682 640 479 582 676 302 365 700 688 302 576 553 572 720 726 302 431 698 618 675 652 551 609 654 576 805 718
Arial|1|05F0|604 604 604 406 624
Arial|1|1F00|615 615 615 615 615 615 615 615 722 722 869 869 869 869 869 869 475 475 475 475 475 475
Arial|1|1F18|765 765 960 960 960 960
Arial|1|1F20|611 611 611 611 611 611 611 611 820 820 1015 1015 1015 1015 1015 1015 278 278 278 278 278 278 278 278 375 375 571 571 571 571 571 571 611 611 611 611 611 611
Arial|1|1F48|827 827 1042 1042 973 973
Arial|1|1F50|582 582 582 582 582 582 582 582
Arial|1|1F59|813
Arial|1|1F5B|999
Arial|1|1F5D|1048
Arial|1|1F5F|960 845 845 845 845 845 845 845 845 851 851 1065 1065 997 997 997 997 615 615 475 475 611 611 278 278 611 611 582 582 845 845
Arial|1|1F80|615 615 615 615 615 615 615 615 722 722 869 869 869 869 869 869 611 611 611 611 611 611 611 611 820 820 1015 1015 1015 1015 1015 1015 845 845 845 845 845 845 845 845 851 851 1065 1065 997 997 997 997 615 615 615 615 615
Arial|1|1FB6|615 615 722 722 722 722 722 333 333 333 333 333 611 611 611
Arial|1|1FC6|611 611 862 862 917 917 722 333 333 333 278 278 278 278
Arial|1|1FD6|278 278 278 278 473 473
Arial|1|1FDD|333 333 333 582 582 582 582 619 619 582 582 667 667 862 911 765 465 465 333
Arial|1|1FF2|845 845 845
Arial|1|1FF6|845 845 924 827 948 851 802 333 333
Arial|1|FB1D|302 0 604 618 682 582 676 553 572 720 576 718 604 805 805 805 805 682 682 682 640 479 582 676 302 365
Arial|1|FB38|688 302 576 553 572
Arial|1|FB3E|726
Arial|1|FB40|431 698
Arial|1|FB43|675 652
Arial|1|FB46|609 654 576 805 718 302 640 553 652 668
Arial|2|0374|333 333
Arial|2|037A|333 500 500 500 278
Arial|2|0384|333 333 667 278 789 846 389
Arial|2|038C|794
Arial|2|038E|865 775 222 667 667 570 671 667 611 722 778 278 667 667 833 722 648 778 725 667
Arial|2|03A3|600 611 667 837 667 831 761 278 667 570 439 555 222 550 570 571 500 556 439 463 555 542 222 500 492 548 500 447 556 670 573 486 603 374 550 652 546 728 779 222 550 556 550 779
Arial|2|03D0|505 550 716 882 716 556 779 563 778 556 722 500 611 378 625 529 756 577 846 833 673 556 673 512 667 667 609 596 746 554 415 358 563 579 500 222 778 441 441 667 556 722 833 686 573 722 722 722 667 667 843 544 708 667 278 278 500 1066 982 844 589 715 639 724 667 651 667 544 704 667 917 614 715 715 589 686 833 722 778 725 667 722 611 639 795 667 727 673 920 923 805 886 651 694 1022 682 556 562 522 493 553 556 688 465 556 556 472 564 686 550 556 550 556 500 833 500 835 500 572 518 830 851 621 736 526 492 752 534 556 556 556 378 496 500 222 222 222 910 828 556 472 556 500 556 1302 595 760 779 903 694 668 500 878 681 829 685 1024 856 614 465 831 728 778 556 760 590 760 590 1108 918 828 600 1282 876 1302 595 722 500 556 0 0 0 0 0 0 0 715 556 651 526 667 556 492 339 544 378 645 525 917 688 614 465 589 472 589 472 589 472 743 567 722 550 891 701 1087 839 722 500 722 500 611 833 556 500 556 500 667 500 897 645 673 518 673 518 673 556 850 635 850 635 278 917 688 627 520 686 564 722 550 722 550 673 518 833 686 222 667 556 667 556 1000 889 667 556 778 556 778 556 917 688 614 465 614 500 715 556 715 556 778 556 778 556 778 556 694 492 639 500 639 500 639 500 673 518 544 378 886 736 544 378 667 500 667 500 667 556 952 833 937 764 614 465 980 846 1013 831 778 550 732 1114 614 439 686 583
Arial|2|051A|778 556 944 722
Arial|2|0591|0 0 0 0 0 0 0 0 0 0 0 0 0 0 0 0 0 0 0 0 0 0 0 0 0 0 0 0 0 0 0 0 0 0 0 0 0 0 0 0 0 0 0 0 0 383 0 563 0 0 278 0 0 379 0
Arial|2|05D0|628 598 423 554 634 260 323 658 653 260 534 525 530 678 687 260 389 656 582 623 610 504 545 590 534 730 691
Arial|2|05F0|509 509 509 385 603
Arial|2|1F00|570 570 570 570 570 570 570 570 667 667 813 813 813 813 813 813 439 439 439 439 439 439
Arial|2|1F18|765 765 960 960 960 960
Arial|2|1F20|555 555 555 555 555 555 555 555 820 820 1015 1015 1015 1015 1015 1015 222 222 222 222 222 222 222 222 375 375 571 571 571 571 571 571 556 556 556 556 556 556
Arial|2|1F48|827 827 1022 1022 973 973
Arial|2|1F50|550 550 550 550 550 550 550 550
Arial|2|1F59|813
Arial|2|1F5B|960
Arial|2|1F5D|1009
Arial|2|1F5F|960 779 779 779 779 779 779 779 779 810 810 1005 1005 956 956 956 956 570 570 439 439 555 555 222 222 556 556 550 550 779 779
Arial|2|1F80|570 570 570 570 570 570 570 570 667 667 813 813 813 813 813 813 555 555 555 555 555 555 555 555 820 820 1015 1015 1015 1015 1015 1015 779 779 779 779 779 779 779 779 810 810 1005 1005 956 956 956 956 570 570 570 570 570
Arial|2|1FB6|570 570 667 667 667 667 667 333 333 333 333 333 555 555 555
Arial|2|1FC6|555 555 813 813 869 869 722 333 333 333 222 222 222 222
Arial|2|1FD6|222 222 278 278 424 424
Arial|2|1FDD|333 333 333 550 550 550 550 573 573 550 550 667 667 813 862 765 333 333 333
Arial|2|1FF2|779 779 779
Arial|2|1FF6|779 779 924 827 907 810 761 333 333
Arial|2|FB1D|260 0 509 582 628 554 634 525 530 678 534 691 562 730 730 730 730 628 628 628 598 423 554 634 260 323
Arial|2|FB38|653 260 534 525 530
Arial|2|FB3E|687
Arial|2|FB40|389 656
Arial|2|FB43|623 610
Arial|2|FB46|545 590 534 730 691 260 598 525 610 628
Arial|3|0374|333 333
Arial|3|037A|333 556 556 556 333
Arial|3|0384|333 333 722 333 854 906 473
Arial|3|038C|844
Arial|3|038E|930 847 278 722 722 610 671 667 611 722 778 278 722 667 833 722 657 778 718 667
Arial|3|03A3|590 611 667 822 667 829 781 278 667 620 479 611 278 591 620 621 556 610 479 492 611 558 278 566 556 603 556 450 611 712 605 532 664 409 591 704 578 773 834 278 591 611 591 834
Arial|3|03D0|564 591 749 993 749 757 834 676 778 611 722 556 611 469 751 529 804 610 911 889 670 611 708 605 667 667 643 604 735 578 507 439 676 618 556 278 778 479 479 667 611 722 833 740 605 722 722 722 667 667 886 614 719 667 278 278 556 1094 1042 854 615 719 677 719 722 708 722 614 722 667 927 643 719 719 615 687 833 722 778 719 667 722 611 677 781 667 729 708 979 989 854 1000 708 719 1042 729 556 619 604 534 618 556 736 510 611 611 507 622 740 604 611 611 611 556 889 556 885 556 646 583 889 935 707 854 594 552 865 589 556 556 611 469 563 556 278 278 278 969 906 611 507 611 556 611 1295 778 822 847 970 799 667 556 926 800 809 753 1083 978 643 510 829 773 778 611 784 614 784 614 1136 981 829 648 1295 907 1295 778 722 501 584 0 0 0 0 0 0 0 719 611 708 594 667 611 575 467 614 469 667 578 927 736 643 510 615 507 615 507 615 507 765 612 722 604 873 695 1117 912 725 565 722 556 611 889 556 556 556 556 667 556 872 710 708 583 708 583 708 611 859 648 859 648 278 927 736 659 583 687 622 722 604 722 604 708 583 833 740 278 722 556 722 556 1000 889 667 556 748 556 748 556 927 736 643 510 611 526 719 611 719 611 778 611 778 611 778 611 719 552 677 556 677 556 677 556 708 583 614 469 1000 854 614 469 667 556 667 556 667 611 979 932 981 849 643 510 1005 939 1038 927 778 596 775 1205 643 479 687 622
Arial|3|051A|778 611 944 778
Arial|3|0591|0 0 0 0 0 0 0 0 0 0 0 0 0 0 0 0 0 0 0 0 0 0 0 0 0 0 0 0 0 0 0 0 0 0 0 0 0 0 0 0 0 0 0 0 0 383 0 563 0 0 333 0 0 421 0
Arial|3|05D0|682 640 479 582 676 302 365 700 688 302 576 553 572 720 726 302 431 698 618 675 652 551 609 654 576 805 718
Arial|3|05F0|604 604 604 406 624
Arial|3|1F00|620 620 620 620 620 620 620 620 722 722 869 869 869 869 869 869 479 479 479 479 479 479
Arial|3|1F18|765 765 960 960 960 960
Arial|3|1F20|611 611 611 611 611 611 611 611 820 820 1015 1015 1015 1015 1015 1015 278 278 278 278 278 278 278 278 375 375 571 571 571 571 571 571 611 611 611 611 611 611
Arial|3|1F48|827 827 1071 1071 973 973
Arial|3|1F50|591 591 591 591 591 591 591 591
Arial|3|1F59|813
Arial|3|1F5B|960
Arial|3|1F5D|1058
Arial|3|1F5F|960 834 834 834 834 834 834 834 834 830 830 1074 1074 976 976 976 976 620 620 479 479 611 611 278 278 611 611 591 591 834 834
Arial|3|1F80|620 620 620 620 620 620 620 620 722 722 869 869 869 869 869 869 611 611 611 611 611 611 611 611 820 820 1015 1015 1015 1015 1015 1015 834 834 834 834 834 834 834 834 830 830 1074 1074 976 976 976 976 620 620 620 620 620
Arial|3|1FB6|620 620 722 722 722 722 722 333 333 333 333 333 611 611 611
Arial|3|1FC6|611 611 813 862 869 917 722 333 333 333 278 278 278 278
Arial|3|1FD6|278 278 278 278 424 473
Arial|3|1FDD|333 333 333 591 591 591 591 605 605 591 591 667 667 862 911 765 333 333 333
Arial|3|1FF2|834 834 834
Arial|3|1FF6|834 834 924 827 927 830 781 333 333
Arial|3|FB1D|302 0 604 618 682 582 676 553 572 720 576 718 604 805 805 805 805 682 682 682 640 479 582 676 302 365
Arial|3|FB38|688 302 576 553 572
Arial|3|FB3E|726
Arial|3|FB40|431 698
Arial|3|FB43|675 652
Arial|3|FB46|609 654 576 805 718 302 640 553 652 668
Times New Roman|0|0374|333 333
Times New Roman|0|037A|333 444 444 444 278
Times New Roman|0|0384|333 333 722 278 694 808 411
Times New Roman|0|038C|722
Times New Roman|0|038E|816 743 269 722 667 578 643 611 611 722 722 333 722 725 889 722 643 722 722 556
Times New Roman|0|03A3|582 611 722 731 722 738 743 333 722 524 420 523 269 495 524 509 442 471 420 414 523 479 269 504 485 536 452 446 500 505 499 396 539 402 495 577 444 626 658 269 495 500 495 658
Times New Roman|0|03D0|509 495 722 890 722 526 658 560 722 500 667 420 556 447 576 451 731 554 828 778 616 521 661 444 542 542 656 581 699 509 475 386 560 509 444 278 722 405 405 556 500 667 889 633 499 667 667 667 611 611 752 578 660 556 333 333 389 872 872 741 667 722 708 722 722 574 667 578 682 611 896 501 722 722 667 678 889 722 722 722 556 667 611 708 790 722 722 650 1009 1009 706 872 574 660 1028 667 444 509 472 410 509 444 691 395 535 535 486 499 633 535 500 535 500 444 437 500 648 500 535 503 770 770 517 672 456 429 747 460 444 444 483 410 429 389 278 278 278 727 723 500 486 535 500 535 1172 633 671 543 968 677 722 590 1033 834 896 691 1208 935 501 395 738 626 722 500 813 589 813 589 1095 880 763 566 1213 792 1172 633 667 444 334 0 0 0 0 0 0 0 722 535 574 470 556 500 450 351 578 410 631 515 896 691 501 395 667 486 667 486 667 486 786 573 722 535 851 623 1032 789 667 444 667 444 611 437 722 500 722 500 722 500 797 603 650 503 650 503 650 500 878 546 878 546 333 896 691 667 515 678 499 722 535 722 535 650 503 889 633 278 722 444 722 444 889 667 611 444 722 444 722 444 896 691 501 395 501 444 722 535 722 535 722 500 722 500 722 500 660 429 708 500 708 500 708 500 650 503 578 410 872 672 578 410 722 500 722 500 574 500 804 771 802 706 574 453 907 752 950 788 722 453 696 602 501 395 678 499
Times New Roman|0|051A|722 500 944 722
Times New Roman|0|0591|0 0 0 0 0 0 0 0 0 0 0 0 0 0 0 0 0 0 0 0 0 0 0 0 0 0 0 0 0 0 0 0 0 0 0 0 0 0 0 0 0 0 0 0 0 383 0 563 0 0 278 0 0 325 0
Times New Roman|0|05D0|600 482 330 481 575 256 279 592 604 262 491 489 468 624 593 255 325 569 566 518 524 521 524 535 491 708 610
Times New Roman|0|05F0|491 496 489 231 380
Times New Roman|0|1F00|524 524 524 524 524 524 524 524 722 722 791 791 791 791 791 791 420 420 420 420 420 420
Times New Roman|0|1F18|748 748 904 904 904 904
Times New Roman|0|1F20|523 523 523 523 523 523 523 523 859 859 1016 1016 1016 1016 1016 1016 269 269 269 269 269 269 269 269 470 470 626 626 626 626 626 626 500 500 500 500 500 500
Times New Roman|0|1F48|791 791 996 996 898 898
Times New Roman|0|1F50|495 495 495 495 495 495 495 495
Times New Roman|0|1F59|859
Times New Roman|0|1F5B|1021
Times New Roman|0|1F5D|1021
Times New Roman|0|1F5F|1021 658 658 658 658 658 658 658 658 812 812 998 998 929 929 929 929 524 524 420 420 523 523 269 269 500 500 495 495 658 658
Times New Roman|0|1F80|524 524 524 524 524 524 524 524 722 722 791 791 791 791 791 791 523 523 523 523 523 523 523 523 859 859 1016 1016 1016 1016 1016 1016 658 658 658 658 658 658 658 658 812 812 998 998 929 929 929 929 524 524 524 524 524
Times New Roman|0|1FB6|524 524 722 722 722 722 722 333 333 333 333 333 523 523 523
Times New Roman|0|1FC6|523 523 748 759 860 871 722 333 333 333 269 269 269 269
Times New Roman|0|1FD6|269 269 333 333 471 481
Times New Roman|0|1FDD|333 333 333 495 495 495 495 499 499 495 495 722 722 879 900 693 333 333 333
Times New Roman|0|1FF2|658 658 658
Times New Roman|0|1FF6|658 658 850 773 861 774 743 333 333
Times New Roman|0|FB1D|262 0 512 566 600 481 575 489 468 624 491 610 562 708 708 708 708 600 600 600 482 330 481 575 256 279
Times New Roman|0|FB38|604 262 491 489 468
Times New Roman|0|FB3E|593
Times New Roman|0|FB40|325 569
Times New Roman|0|FB43|518 524
Times New Roman|0|FB46|524 535 491 708 610 256 482 489 524 600
Times New Roman|1|0374|333 333
Times New Roman|1|037A|333 444 444 444 333
Times New Roman|1|0384|333 333 722 333 799 909 522
Times New Roman|1|038C|778
Times New Roman|1|038E|865 801 310 722 667 636 627 667 667 778 778 389 778 717 944 722 677 778 778 611
Times New Roman|1|03A3|654 667 722 829 722 780 801 389 722 558 427 568 310 519 558 527 468 519 427 413 568 522 310 555 491 567 447 446 500 548 535 422 544 461 519 624 462 688 731 310 519 500 519 731
Times New Roman|1|03D0|527 599 722 923 722 624 731 580 778 500 722 422 611 546 595 461 751 554 870 833 725 586 740 444 625 586 682 605 725 516 540 450 580 500 444 333 778 421 421 611 556 722 944 681 535 722 722 722 667 667 800 636 678 556 389 389 500 1003 1002 800 725 778 734 778 722 661 667 636 688 667 989 528 778 778 725 745 944 778 778 778 611 722 667 734 859 722 778 734 1098 1098 765 982 661 678 1126 722 500 500 540 454 506 444 725 402 576 576 576 561 681 576 500 576 556 444 491 500 692 500 576 564 844 844 583 781 529 432 764 541 444 444 537 454 432 389 278 278 333 780 797 556 576 576 500 576 1250 619 764 600 1007 664 722 500 1098 773 989 725 1360 999 528 402 780 688 778 500 815 605 815 605 1140 920 824 585 1236 808 1250 619 722 444 338 0 0 0 0 0 0 0 778 576 661 529 611 556 520 389 636 454 722 577 989 725 528 402 725 576 725 576 725 576 829 630 778 576 921 667 1115 844 729 534 722 444 667 491 722 500 722 500 722 500 867 609 734 564 734 564 734 556 880 564 880 564 389 989 725 737 593 745 561 778 576 778 576 734 564 944 681 278 722 500 722 500 1000 722 667 444 739 444 739 444 989 725 528 402 528 458 778 576 778 576 778 500 778 500 778 500 678 432 734 500 734 500 734 500 734 564 636 454 982 781 636 454 722 500 722 500 661 556 852 781 797 678 595 460 936 779 970 793 778 591 716 618 528 402 745 561
Times New Roman|1|051A|778 556 1000 722
Times New Roman|1|0591|0 0 0 0 0 0 0 0 0 0 0 0 0 0 0 0 0 0 0 0 0 0 0 0 0 0 0 0 0 0 0 0 0 0 0 0 0 0 0 0 0 0 0 0 0 383 0 563 0 0 278 0 0 325 0
Times New Roman|1|05D0|642 482 330 481 575 256 279 592 604 262 491 489 468 624 593 255 325 569 566 518 544 521 524 535 491 708 610
Times New Roman|1|05F0|491 496 512 231 380
Times New Roman|1|1F00|558 558 558 558 558 558 558 558 722 722 800 800 747 747 722 722 427 427 427 427 427 427
Times New Roman|1|1F18|801 801 989 989 989 989
Times New Roman|1|1F20|568 568 568 568 568 568 568 568 912 912 1100 1100 1100 1100 1100 1100 310 310 310 310 310 310 310 310 523 523 711 711 711 711 711 711 500 500 500 500 500 500
Times New Roman|1|1F48|875 875 1061 1061 988 988
Times New Roman|1|1F50|519 519 519 519 519 519 519 519
Times New Roman|1|1F59|866
Times New Roman|1|1F5B|1044
Times New Roman|1|1F5D|1044
Times New Roman|1|1F5F|1044 731 731 731 731 731 731 731 731 886 886 1074 1074 1011 1011 1011 1011 558 558 427 427 568 568 310 310 500 500 519 519 731 731
Times New Roman|1|1F80|558 558 558 558 558 558 558 558 722 722 800 800 747 747 722 722 568 568 568 568 568 568 568 568 912 912 1100 1100 1100 1100 1100 1100 731 731 731 731 731 731 731 731 886 886 1074 1074 1011 1011 1011 1011 558 558 558 558 558
Times New Roman|1|1FB6|558 558 722 722 722 722 722 333 333 333 333 333 568 568 568
Times New Roman|1|1FC6|568 568 844 854 955 969 778 333 333 333 310 310 310 310
Times New Roman|1|1FD6|310 310 389 389 566 581
Times New Roman|1|1FDD|333 333 333 519 519 519 519 535 535 519 519 722 722 928 933 745 333 333 333
Times New Roman|1|1FF2|731 731 731
Times New Roman|1|1FF6|731 731 925 813 948 826 801 333 333
Times New Roman|1|FB1D|262 0 512 566 642 481 575 489 468 624 491 610 562 708 708 708 708 642 642 642 482 330 481 575 256 279
Times New Roman|1|FB38|604 262 491 489 468
Times New Roman|1|FB3E|593
Times New Roman|1|FB40|325 569
Times New Roman|1|FB43|518 544
Times New Roman|1|FB46|524 535 491 708 610 256 482 489 544 642
Times New Roman|2|0374|333 333
Times New Roman|2|037A|333 446 446 446 333
Times New Roman|2|0384|333 333 611 333 679 792 402
Times New Roman|2|038C|722
Times New Roman|2|038E|660 726 278 611 611 569 587 611 556 722 722 333 667 604 833 667 639 722 722 611
Times New Roman|2|03A3|594 556 556 761 611 703 723 333 556 525 394 496 278 459 525 498 394 465 394 405 496 491 278 480 433 502 444 428 500 501 480 406 493 358 459 553 440 621 706 278 459 500 459 698
Times New Roman|2|03D0|498 491 636 759 636 518 706 562 722 500 667 444 611 463 517 451 702 522 784 722 581 519 773 437 542 542 620 524 701 495 392 339 562 507 446 278 722 403 403 611 500 667 833 600 480 667 667 667 611 611 797 569 669 500 333 333 444 927 921 799 664 722 673 722 611 590 611 569 636 611 916 495 722 722 664 677 833 722 722 722 611 667 556 673 804 611 722 689 1043 1043 676 872 590 655 1032 657 500 503 434 390 506 444 930 390 500 500 468 436 638 496 500 500 500 444 722 444 710 444 500 477 755 755 519 677 455 441 705 465 444 444 479 377 436 389 278 278 278 679 712 500 468 500 444 500 1136 636 675 667 962 674 697 542 1019 781 856 636 1188 885 495 390 703 621 722 500 670 555 670 555 1108 888 782 576 1136 808 1136 636 667 444 279 0 0 0 0 0 0 0 722 500 590 455 611 500 440 315 569 390 636 444 916 930 495 390 664 468 664 468 664 468 750 527 722 496 868 622 1017 691 667 444 667 444 556 722 556 500 556 500 611 444 722 530 689 477 689 477 689 500 814 546 814 546 333 916 930 664 468 677 436 722 496 722 496 689 477 833 638 278 611 500 611 500 889 667 611 444 695 444 695 444 916 930 495 390 495 444 722 500 722 500 722 500 722 500 722 500 655 441 673 444 673 444 673 444 689 477 569 390 872 677 569 390 611 444 611 444 590 500 801 704 777 647 520 390 903 644 947 695 722 495 679 919 495 436 677 436
Times New Roman|2|051A|722 500 833 667
Times New Roman|2|0591|0 0 0 0 0 0 0 0 0 0 0 0 0 0 0 0 0 0 0 0 0 0 0 0 0 0 0 0 0 0 0 0 0 0 0 0 0 0 0 0 0 0 0 0 0 383 0 563 0 0 278 0 0 325 0
Times New Roman|2|05D0|600 482 330 516 586 256 279 592 604 262 491 489 468 624 593 255 325 569 566 518 524 521 524 535 491 708 610
Times New Roman|2|05F0|491 495 489 231 380
Times New Roman|2|1F00|525 525 525 525 525 525 525 525 611 611 660 660 611 611 611 611 394 394 394 394 394 394
Times New Roman|2|1F18|708 708 855 855 855 855
Times New Roman|2|1F20|496 496 496 496 496 496 496 496 820 820 966 966 966 966 966 966 278 278 278 278 278 278 278 278 431 431 577 577 577 577 577 577 500 500 500 500 500 500
Times New Roman|2|1F48|820 820 966 966 869 869
Times New Roman|2|1F50|459 459 459 459 459 459 459 459
Times New Roman|2|1F59|654
Times New Roman|2|1F5B|849
Times New Roman|2|1F5D|849
Times New Roman|2|1F5F|849 706 706 706 706 706 706 706 706 821 821 967 967 870 870 870 870 525 525 394 394 496 496 278 278 500 500 459 459 706 706
Times New Roman|2|1F80|525 525 525 525 525 525 525 525 611 611 660 660 611 611 611 611 496 496 496 496 496 496 496 496 820 820 966 966 966 966 966 966 706 706 706 706 706 706 706 706 821 821 967 967 870 870 870 870 525 525 525 525 525
Times New Roman|2|1FB6|525 525 611 611 611 611 611 333 333 333 333 333 496 496 496
Times New Roman|2|1FC6|496 496 757 757 869 869 722 333 333 333 278 278 278 278
Times New Roman|2|1FD6|278 278 333 333 479 479
Times New Roman|2|1FDD|333 333 333 459 459 459 459 480 480 459 459 556 556 751 751 708 333 333 333
Times New Roman|2|1FF2|706 706 706
Times New Roman|2|1FF6|706 706 869 722 870 723 723 333 333
Times New Roman|2|FB1D|262 0 489 566 600 516 586 489 468 624 491 610 562 708 708 708 708 600 600 600 482 330 516 586 256 279
Times New Roman|2|FB38|604 262 491 489 468
Times New Roman|2|FB3E|593
Times New Roman|2|FB40|325 569
Times New Roman|2|FB43|518 524
Times New Roman|2|FB46|524 535 491 708 610 256 482 489 524 589
Times New Roman|3|0374|333 333
Times New Roman|3|037A|333 444 444 444 333
Times New Roman|3|0384|333 333 667 333 777 895 506
Times New Roman|3|038C|731
Times New Roman|3|038E|750 785 278 667 667 604 627 667 611 778 763 389 667 667 889 722 659 722 778 611
Times New Roman|3|03A3|619 611 611 789 667 800 746 389 611 553 410 549 278 490 553 512 416 512 410 441 549 519 278 530 444 556 444 449 500 546 515 446 539 444 490 585 465 668 723 278 490 500 490 723
Times New Roman|3|03D0|512 527 725 841 725 579 756 566 722 500 667 451 667 463 517 451 713 522 845 778 709 556 748 463 590 590 697 566 770 531 455 385 566 546 444 278 722 430 430 611 500 667 889 661 515 667 667 667 667 667 818 604 657 556 389 389 500 908 976 811 678 778 696 778 667 635 667 604 683 667 918 509 778 778 678 686 889 778 722 778 611 667 611 696 850 667 778 748 1126 1126 760 969 634 651 1056 689 500 499 447 369 496 444 952 390 556 556 507 513 685 555 500 556 500 444 778 444 716 500 556 525 833 833 527 694 457 415 730 515 444 444 523 393 415 389 278 278 278 659 713 556 507 556 444 556 1141 570 634 667 1002 674 668 564 1044 862 918 681 1318 983 509 390 800 668 722 500 776 535 776 535 1111 885 832 592 1181 807 1141 570 667 444 437 0 0 0 0 0 0 0 778 556 634 457 611 500 470 369 604 369 743 506 918 952 509 390 678 507 678 507 678 507 821 575 778 555 995 629 1129 764 723 498 667 444 611 778 611 500 611 500 667 500 778 556 748 525 748 525 748 556 873 556 873 556 389 918 952 678 507 686 513 778 555 778 555 748 525 889 685 278 667 500 667 500 944 722 667 444 722 444 722 444 918 952 509 390 541 471 778 556 778 556 722 500 722 500 722 500 651 415 696 444 696 444 696 444 748 525 604 369 969 694 604 369 667 500 667 500 611 500 796 749 778 685 542 390 890 748 983 735 722 500 713 958 509 402 686 513
Times New Roman|3|051A|722 500 889 667
Times New Roman|3|0591|0 0 0 0 0 0 0 0 0 0 0 0 0 0 0 0 0 0 0 0 0 0 0 0 0 0 0 0 0 0 0 0 0 0 0 0 0 0 0 0 0 0 0 0 0 383 0 563 0 0 278 0 0 325 0
Times New Roman|3|05D0|642 482 330 518 575 256 279 592 604 262 491 489 468 624 593 255 325 569 566 518 544 521 524 535 491 708 610
Times New Roman|3|05F0|490 496 512 231 380
Times New Roman|3|1F00|553 553 553 553 553 553 553 553 667 667 716 716 667 667 667 667 410 410 410 410 410 410
Times New Roman|3|1F18|765 765 960 960 960 960
Times New Roman|3|1F20|549 549 549 549 549 549 549 549 875 875 1037 1037 1037 1037 1037 1037 278 278 278 278 278 278 278 278 487 487 682 682 682 682 682 682 500 500 500 500 500 500
Times New Roman|3|1F48|820 820 1015 1015 917 917
Times New Roman|3|1F50|490 490 490 490 490 490 490 490
Times New Roman|3|1F59|757
Times New Roman|3|1F5B|904
Times New Roman|3|1F5D|904
Times New Roman|3|1F5F|904 723 723 723 723 723 723 723 723 844 844 1039 1039 941 941 941 941 553 553 410 410 549 549 278 278 500 500 490 490 723 723
Times New Roman|3|1F80|553 553 553 553 553 553 553 553 667 667 716 716 667 667 667 667 549 549 549 549 549 549 549 549 875 875 1037 1037 1037 1037 1037 1037 723 723 723 723 723 723 723 723 844 844 1039 1039 941 941 941 941 553 553 553 553 553
Times New Roman|3|1FB6|553 553 667 667 667 667 667 333 333 333 333 333 549 549 549
Times New Roman|3|1FC6|549 549 813 813 924 924 778 333 333 333 278 278 278 278
Times New Roman|3|1FD6|278 278 389 389 536 584
Times New Roman|3|1FDD|333 333 333 490 490 490 490 515 515 490 490 611 611 708 708 708 333 333 333
Times New Roman|3|1FF2|723 723 723
Times New Roman|3|1FF6|723 723 917 820 941 844 746 333 333
Times New Roman|3|FB1D|262 0 512 566 642 518 575 489 468 624 491 610 562 708 708 708 708 642 642 642 482 330 518 575 256 279
Times New Roman|3|FB38|604 262 491 489 468
Times New Roman|3|FB3E|593
Times New Roman|3|FB40|325 569
Times New Roman|3|FB43|518 544
Times New Roman|3|FB46|524 535 491 708 610 256 482 489 544 642
Courier New|0|0374|0 0
Courier New|0|037A|0 600 600 600 600
Courier New|0|0384|600 600 600 600 600 600 600
Courier New|0|038C|600
Courier New|0|038E|600 600 600 600 600 600 600 600 600 600 600 600 600 600 600 600 600 600 600 600
Courier New|0|03A3|600 600 600 600 600 600 600 600 600 600 600 600 600 600 600 600 600 600 600 600 600 600 600 600 600 600 600 600 600 600 600 600 600 600 600 600 600 600 600 600 600 600 600 600
Courier New|0|03D0|600 600 600 600 600 600 600 600 600 600 600 600 600 600 600 600 600 600 600 600 600 600 600 600 600 600 600 600 600 600 600 600 600 600 600 600 600 600 600 600 600 600 600 600 600 600 600 600 600 600 600 600 600 600 600 600 600 600 600 600 600 600 600 600 600 600 600 600 600 600 600 600 600 600 600 600 600 600 600 600 600 600 600 600 600 600 600 600 600 600 600 600 600 600 600 600 600 600 600 600 600 600 600 600 600 600 600 600 600 600 600 600 600 600 600 600 600 600 600 600 600 600 600 600 600 600 600 600 600 600 600 600 600 600 600 600 600 600 600 600 600 600 600 600 600 600 600 600 600 600 600 600 600 600 600 600 600 600 600 600 600 600 600 600 600 600 600 600 600 600 600 600 600 600 600 600 600 600 600 0 0 0 0 0 0 0 600 600 600 600 600 600 600 600 600 600 600 600 600 600 600 600 600 600 600 600 600 600 600 600 600 600 600 600 600 600 600 600 600 600 600 600 600 600 600 600 600 600 600 600 600 600 600 600 600 600 600 600 600 600 600 600 600 600 600 600 600 600 600 600 600 600 600 600 600 600 600 600 600 600 600 600 600 600 600 600 600 600 600 600 600 600 600 600 600 600 600 600 600 600 600 600 600 600 600 600 600 600 600 600 600 600 600 600 600 600 600 600 600 600 600 600 600 600 600 600 600 600 600 600 600 600 600 600 600 600 600 600 600 600 600 600 600 600
Courier New|0|051A|600 600 600 600
Courier New|0|0591|0 0 0 0 0 0 0 0 0 0 0 0 0 0 0 0 0 0 0 0 0 0 0 0 0 0 0 0 0 0 0 0 0 0 0 0 0 0 0 0 0 0 0 0 0 600 0 600 0 0 600 0 0 600 0
Courier New|0|05D0|600 600 600 600 600 600 600 600 600 600 600 600 600 600 600 600 600 600 600 600 600 600 600 600 600 600 600
Courier New|0|05F0|600 600 600 600 600
Courier New|0|1F00|600 600 600 600 600 600 600 600 600 600 600 600 600 600 600 600 600 600 600 600 600 600
Courier New|0|1F18|600 600 600 600 600 600
Courier New|0|1F20|600 600 600 600 600 600 600 600 600 600 600 600 600 600 600 600 600 600 600 600 600 600 600 600 600 600 600 600 600 600 600 600 600 600 600 600 600 600
Courier New|0|1F48|600 600 600 600 600 600
Courier New|0|1F50|600 600 600 600 600 600 600 600
Courier New|0|1F59|600
Courier New|0|1F5B|600
Courier New|0|1F5D|600
Courier New|0|1F5F|600 600 600 600 600 600 600 600 600 600 600 600 600 600 600 600 600 600 600 600 600 600 600 600 600 600 600 600 600 600 600
Courier New|0|1F80|600 600 600 600 600 600 600 600 600 600 600 600 600 600 600 600 600 600 600 600 600 600 600 600 600 600 600 600 600 600 600 600 600 600 600 600 600 600 600 600 600 600 600 600 600 600 600 600 600 600 600 600 600
Courier New|0|1FB6|600 600 600 600 600 600 600 600 600 600 600 600 600 600 600
Courier New|0|1FC6|600 600 600 600 600 600 600 600 600 600 600 600 600 600
Courier New|0|1FD6|600 600 600 600 600 600
Courier New|0|1FDD|600 600 600 600 600 600 600 600 600 600 600 600 600 600 600 600 600 600 600
Courier New|0|1FF2|600 600 600
Courier New|0|1FF6|600 600 600 600 600 600 600 600 600
Courier New|0|FB1D|600 0 600 600 600 600 600 600 600 600 600 600 600 600 600 600 600 600 600 600 600 600 600 600 600 600
Courier New|0|FB38|600 600 600 600 600
Courier New|0|FB3E|600
Courier New|0|FB40|600 600
Courier New|0|FB43|600 600
Courier New|0|FB46|600 600 600 600 600 600 600 600 600 600
Courier New|1|0374|0 0
Courier New|1|037A|0 600 600 600 600
Courier New|1|0384|600 600 600 600 600 600 600
Courier New|1|038C|600
Courier New|1|038E|600 600 600 600 600 600 600 600 600 600 600 600 600 600 600 600 600 600 600 600
Courier New|1|03A3|600 600 600 600 600 600 600 600 600 600 600 600 600 600 600 600 600 600 600 600 600 600 600 600 600 600 600 600 600 600 600 600 600 600 600 600 600 600 600 600 600 600 600 600
Courier New|1|03D0|600 600 600 600 600 600 600 600 600 600 600 600 600 600 600 600 600 600 600 600 600 600 600 600 600 600 600 600 600 600 600 600 600 600 600 600 600 600 600 600 600 600 600 600 600 600 600 600 600 600 600 600 600 600 600 600 600 600 600 600 600 600 600 600 600 600 600 600 600 600 600 600 600 600 600 600 600 600 600 600 600 600 600 600 600 600 600 600 600 600 600 600 600 600 600 600 600 600 600 600 600 600 600 600 600 600 600 600 600 600 600 600 600 600 600 600 600 600 600 600 600 600 600 600 600 600 600 600 600 600 600 600 600 600 600 600 600 600 600 600 600 600 600 600 600 600 600 600 600 600 600 600 600 600 600 600 600 600 600 600 600 600 600 600 600 600 600 600 600 600 600 600 600 600 600 600 600 600 600 0 0 0 0 0 0 0 600 600 600 600 600 600 600 600 600 600 600 600 600 600 600 600 600 600 600 600 600 600 600 600 600 600 600 600 600 600 600 600 600 600 600 600 600 600 600 600 600 600 600 600 600 600 600 600 600 600 600 600 600 600 600 600 600 600 600 600 600 600 600 600 600 600 600 600 600 600 600 600 600 600 600 600 600 600 600 600 600 600 600 600 600 600 600 600 600 600 600 600 600 600 600 600 600 600 600 600 600 600 600 600 600 600 600 600 600 600 600 600 600 600 600 600 600 600 600 600 600 600 600 600 600 600 600 600 600 600 600 600 600 600 600 600 600 600
Courier New|1|051A|600 600 600 600
Courier New|1|0591|0 0 0 0 0 0 0 0 0 0 0 0 0 0 0 0 0 0 0 0 0 0 0 0 0 0 0 0 0 0 0 0 0 0 0 0 0 0 0 0 0 0 0 0 0 600 0 600 0 0 600 0 0 600 0
Courier New|1|05D0|600 600 600 600 600 600 600 600 600 600 600 600 600 600 600 600 600 600 600 600 600 600 600 600 600 600 600
Courier New|1|05F0|600 600 600 600 600
Courier New|1|1F00|600 600 600 600 600 600 600 600 600 600 600 600 600 600 600 600 600 600 600 600 600 600
Courier New|1|1F18|600 600 600 600 600 600
Courier New|1|1F20|600 600 600 600 600 600 600 600 600 600 600 600 600 600 600 600 600 600 600 600 600 600 600 600 600 600 600 600 600 600 600 600 600 600 600 600 600 600
Courier New|1|1F48|600 600 600 600 600 600
Courier New|1|1F50|600 600 600 600 600 600 600 600
Courier New|1|1F59|600
Courier New|1|1F5B|600
Courier New|1|1F5D|600
Courier New|1|1F5F|600 600 600 600 600 600 600 600 600 600 600 600 600 600 600 600 600 600 600 600 600 600 600 600 600 600 600 600 600 600 600
Courier New|1|1F80|600 600 600 600 600 600 600 600 600 600 600 600 600 600 600 600 600 600 600 600 600 600 600 600 600 600 600 600 600 600 600 600 600 600 600 600 600 600 600 600 600 600 600 600 600 600 600 600 600 600 600 600 600
Courier New|1|1FB6|600 600 600 600 600 600 600 600 600 600 600 600 600 600 600
Courier New|1|1FC6|600 600 600 600 600 600 600 600 600 600 600 600 600 600
Courier New|1|1FD6|600 600 600 600 600 600
Courier New|1|1FDD|600 600 600 600 600 600 600 600 600 600 600 600 600 600 600 600 600 600 600
Courier New|1|1FF2|600 600 600
Courier New|1|1FF6|600 600 600 600 600 600 600 600 600
Courier New|1|FB1D|600 0 600 600 600 600 600 600 600 600 600 600 600 600 600 600 600 600 600 600 600 600 600 600 600 600
Courier New|1|FB38|600 600 600 600 600
Courier New|1|FB3E|600
Courier New|1|FB40|600 600
Courier New|1|FB43|600 600
Courier New|1|FB46|600 600 600 600 600 600 600 600 600 600
Courier New|2|0374|0 0
Courier New|2|037A|0 600 600 600 600
Courier New|2|0384|600 600 600 600 600 600 600
Courier New|2|038C|600
Courier New|2|038E|600 600 600 600 600 600 600 600 600 600 600 600 600 600 600 600 600 600 600 600
Courier New|2|03A3|600 600 600 600 600 600 600 600 600 600 600 600 600 600 600 600 600 600 600 600 600 600 600 600 600 600 600 600 600 600 600 600 600 600 600 600 600 600 600 600 600 600 600 600
Courier New|2|03D0|600 600 600 600 600 600 600 600 600 600 600 600 600 600 600 600 600 600 600 600 600 600 600 600 600 600 600 600 600 600 600 600 600 600 600 600 600 600 600 600 600 600 600 600 600 600 600 600 600 600 600 600 600 600 600 600 600 600 600 600 600 600 600 600 600 600 600 600 600 600 600 600 600 600 600 600 600 600 600 600 600 600 600 600 600 600 600 600 600 600 600 600 600 600 600 600 600 600 600 600 600 600 600 600 600 600 600 600 600 600 600 600 600 600 600 600 600 600 600 600 600 600 600 600 600 600 600 600 600 600 600 600 600 600 600 600 600 600 600 600 600 600 600 600 600 600 600 600 600 600 600 600 600 600 600 600 600 600 600 600 600 600 600 600 600 600 600 600 600 600 600 600 600 600 600 600 600 600 600 0 0 0 0 0 0 0 600 600 600 600 600 600 600 600 600 600 600 600 600 600 600 600 600 600 600 600 600 600 600 600 600 600 600 600 600 600 600 600 600 600 600 600 600 600 600 600 600 600 600 600 600 600 600 600 600 600 600 600 600 600 600 600 600 600 600 600 600 600 600 600 600 600 600 600 600 600 600 600 600 600 600 600 600 600 600 600 600 600 600 600 600 600 600 600 600 600 600 600 600 600 600 600 600 600 600 600 600 600 600 600 600 600 600 600 600 600 600 600 600 600 600 600 600 600 600 600 600 600 600 600 600 600 600 600 600 600 600 600 600 600 600 600 600 600
Courier New|2|051A|600 600 600 600
Courier New|2|0591|0 0 0 0 0 0 0 0 0 0 0 0 0 0 0 0 0 0 0 0 0 0 0 0 0 0 0 0 0 0 0 0 0 0 0 0 0 0 0 0 0 0 0 0 0 600 0 600 0 0 600 0 0 600 0
Courier New|2|05D0|600 600 600 600 600 600 600 600 600 600 600 600 600 600 600 600 600 600 600 600 600 600 600 600 600 600 600
Courier New|2|05F0|600 600 600 600 600
Courier New|2|1F00|600 600 600 600 600 600 600 600 600 600 600 600 600 600 600 600 600 600 600 600 600 600
Courier New|2|1F18|600 600 600 600 600 600
Courier New|2|1F20|600 600 600 600 600 600 600 600 600 600 600 600 600 600 600 600 600 600 600 600 600 600 600 600 600 600 600 600 600 600 600 600 600 600 600 600 600 600
Courier New|2|1F48|600 600 600 600 600 600
Courier New|2|1F50|600 600 600 600 600 600 600 600
Courier New|2|1F59|600
Courier New|2|1F5B|600
Courier New|2|1F5D|600
Courier New|2|1F5F|600 600 600 600 600 600 600 600 600 600 600 600 600 600 600 600 600 600 600 600 600 600 600 600 600 600 600 600 600 600 600
Courier New|2|1F80|600 600 600 600 600 600 600 600 600 600 600 600 600 600 600 600 600 600 600 600 600 600 600 600 600 600 600 600 600 600 600 600 600 600 600 600 600 600 600 600 600 600 600 600 600 600 600 600 600 600 600 600 600
Courier New|2|1FB6|600 600 600 600 600 600 600 600 600 600 600 600 600 600 600
Courier New|2|1FC6|600 600 600 600 600 600 600 600 600 600 600 600 600 600
Courier New|2|1FD6|600 600 600 600 600 600
Courier New|2|1FDD|600 600 600 600 600 600 600 600 600 600 600 600 600 600 600 600 600 600 600
Courier New|2|1FF2|600 600 600
Courier New|2|1FF6|600 600 600 600 600 600 600 600 600
Courier New|2|FB1D|600 0 600 600 600 600 600 600 600 600 600 600 600 600 600 600 600 600 600 600 600 600 600 600 600 600
Courier New|2|FB38|600 600 600 600 600
Courier New|2|FB3E|600
Courier New|2|FB40|600 600
Courier New|2|FB43|600 600
Courier New|2|FB46|600 600 600 600 600 600 600 600 600 600
Courier New|3|0374|0 0
Courier New|3|037A|0 600 600 600 600
Courier New|3|0384|600 600 600 600 600 600 600
Courier New|3|038C|600
Courier New|3|038E|600 600 600 600 600 600 600 600 600 600 600 600 600 600 600 600 600 600 600 600
Courier New|3|03A3|600 600 600 600 600 600 600 600 600 600 600 600 600 600 600 600 600 600 600 600 600 600 600 600 600 600 600 600 600 600 600 600 600 600 600 600 600 600 600 600 600 600 600 600
Courier New|3|03D0|600 600 600 600 600 600 600 600 600 600 600 600 600 600 600 600 600 600 600 600 600 600 600 600 600 600 600 600 600 600 600 600 600 600 600 600 600 600 600 600 600 600 600 600 600 600 600 600 600 600 600 600 600 600 600 600 600 600 600 600 600 600 600 600 600 600 600 600 600 600 600 600 600 600 600 600 600 600 600 600 600 600 600 600 600 600 600 600 600 600 600 600 600 600 600 600 600 600 600 600 600 600 600 600 600 600 600 600 600 600 600 600 600 600 600 600 600 600 600 600 600 600 600 600 600 600 600 600 600 600 600 600 600 600 600 600 600 600 600 600 600 600 600 600 600 600 600 600 600 600 600 600 600 600 600 600 600 600 600 600 600 600 600 600 600 600 600 600 600 600 600 600 600 600 600 600 600 600 600 0 0 0 0 0 0 0 600 600 600 600 600 600 600 600 600 600 600 600 600 600 600 600 600 600 600 600 600 600 600 600 600 600 600 600 600 600 600 600 600 600 600 600 600 600 600 600 600 600 600 600 600 600 600 600 600 600 600 600 600 600 600 600 600 600 600 600 600 600 600 600 600 600 600 600 600 600 600 600 600 600 600 600 600 600 600 600 600 600 600 600 600 600 600 600 600 600 600 600 600 600 600 600 600 600 600 600 600 600 600 600 600 600 600 600 600 600 600 600 600 600 600 600 600 600 600 600 600 600 600 600 600 600 600 600 600 600 600 600 600 600 600 600 600 600
Courier New|3|051A|600 600 600 600
Courier New|3|0591|0 0 0 0 0 0 0 0 0 0 0 0 0 0 0 0 0 0 0 0 0 0 0 0 0 0 0 0 0 0 0 0 0 0 0 0 0 0 0 0 0 0 0 0 0 600 0 600 0 0 600 0 0 600 0
Courier New|3|05D0|600 600 600 600 600 600 600 600 600 600 600 600 600 600 600 600 600 600 600 600 600 600 600 600 600 600 600
Courier New|3|05F0|600 600 600 600 600
Courier New|3|1F00|600 600 600 600 600 600 600 600 600 600 600 600 600 600 600 600 600 600 600 600 600 600
Courier New|3|1F18|600 600 600 600 600 600
Courier New|3|1F20|600 600 600 600 600 600 600 600 600 600 600 600 600 600 600 600 600 600 600 600 600 600 600 600 600 600 600 600 600 600 600 600 600 600 600 600 600 600
Courier New|3|1F48|600 600 600 600 600 600
Courier New|3|1F50|600 600 600 600 600 600 600 600
Courier New|3|1F59|600
Courier New|3|1F5B|600
Courier New|3|1F5D|600
Courier New|3|1F5F|600 600 600 600 600 600 600 600 600 600 600 600 600 600 600 600 600 600 600 600 600 600 600 600 600 600 600 600 600 600 600
Courier New|3|1F80|600 600 600 600 600 600 600 600 600 600 600 600 600 600 600 600 600 600 600 600 600 600 600 600 600 600 600 600 600 600 600 600 600 600 600 600 600 600 600 600 600 600 600 600 600 600 600 600 600 600 600 600 600
Courier New|3|1FB6|600 600 600 600 600 600 600 600 600 600 600 600 600 600 600
Courier New|3|1FC6|600 600 600 600 600 600 600 600 600 600 600 600 600 600
Courier New|3|1FD6|600 600 600 600 600 600
Courier New|3|1FDD|600 600 600 600 600 600 600 600 600 600 600 600 600 600 600 600 600 600 600
Courier New|3|1FF2|600 600 600
Courier New|3|1FF6|600 600 600 600 600 600 600 600 600
Courier New|3|FB1D|600 0 600 600 600 600 600 600 600 600 600 600 600 600 600 600 600 600 600 600 600 600 600 600 600 600
Courier New|3|FB38|600 600 600 600 600
Courier New|3|FB3E|600
Courier New|3|FB40|600 600
Courier New|3|FB43|600 600
Courier New|3|FB46|600 600 600 600 600 600 600 600 600 600
