# Effective advance widths in 1/1000 em, fitted by least squares to shaped words of held-out UDHR text, of the
# fonts LibreOffice draws for the Windows script fonts on Linux: Noto Sans per script (Noto Serif Tibetan), DejaVu
# Sans for Lao, Armenian and Georgian (SIL OFL 1.1; DejaVu/Bitstream Vera licence), then scaled to LibreOffice's
# own layout of other held-out text. 110000 plus a code point is a letter joined after a virama or coeng, or a
# virama ending a word. U+0020 is the space the script font draws. Line: script|style|first|widths
ARMENIAN|0|0531|766 732 753 753 732 772 640 732 859 753 691 533 922 863 732 716 766 753 767 792 728 729 757 732 713 800 768 792 732 753 705 694 744 538 811 757 787 790
ARMENIAN|0|0559|307 318 234 361 238 405 500
ARMENIAN|0|0561|974 634 658 663 634 635 515 634 738 658 634 271 980 623 634 634 608 634 629 634 271 634 499 634 404 974 560 648 634 634 974 634 633 435 974 636 609 805 812
ARMENIAN|0|0589|337 361
ARMENIAN|0|FB13|1202 1202 1196 1186 1529
ARMENIAN|1|0531|813 729 728 731 729 733 652 720 903 728 666 558 961 788 713 651 730 715 704 780 689 715 708 731 677 867 711 780 731 715 693 666 698 576 833 698 763 855
ARMENIAN|1|0559|330 342 308 374 313 461 468
ARMENIAN|1|0561|938 642 704 708 642 644 565 642 756 704 643 310 984 638 643 643 603 643 642 643 309 643 486 643 366 938 573 666 643 643 934 643 643 479 934 648 620 813 812
ARMENIAN|1|0589|360 374
ARMENIAN|1|FB13|1388 1384 1378 1384 1713
BENGALI|0|0020|260
BENGALI|0|0980|540 12 430 438
BENGALI|0|0985|896 1158 542 689 688 800 846 609
BENGALI|0|098F|730 853
BENGALI|0|0993|735 874 796 603 628 602 738 528 595 843 797 993 552 542 712 547 619 690 642 553 604 595
BENGALI|0|09AA|699 775 607 685 624 610 590
BENGALI|0|09B2|728
BENGALI|0|09B6|679 550 621 519
BENGALI|0|09BC|12 530 264 255 267 46 11 -7 0
BENGALI|0|09C7|373 387
BENGALI|0|09CB|703 909 -482 542
BENGALI|0|09D7|266
BENGALI|0|09DC|712 547
BENGALI|0|09DF|626 846 692 0 0
BENGALI|0|09E6|592 592 592 592 592 592 592 592 592 592 596 596 589 592 589 602 679 267 602 483 676 311 537 426 0
BENGALI|0|200C|16 121
BENGALI|0|110995|759
BENGALI|0|110997|484 806
BENGALI|0|11099C|851
BENGALI|0|11099E|863 478 518
BENGALI|0|1109A3|586 600 593
BENGALI|0|1109A7|618
BENGALI|0|1109AA|865
BENGALI|0|1109AC|519 642 564 733 526
BENGALI|0|1109B2|624
BENGALI|0|1109B7|557
BENGALI|1|0020|260
BENGALI|1|0980|588 14 437 447
BENGALI|1|0985|921 1203 560 682 695 838 902 655
BENGALI|1|098F|737 904
BENGALI|1|0993|762 936 802 646 666 610 732 546 633 883 829 1021 562 570 721 559 655 698 695 569 617 617
BENGALI|1|09AA|720 769 614 690 635 599 594
BENGALI|1|09B2|753
BENGALI|1|09B6|708 544 644 533
BENGALI|1|09BC|14 547 281 273 288 54 13 -3 0
BENGALI|1|09C7|413 427
BENGALI|1|09CB|759 964 -477 585
BENGALI|1|09D7|283
BENGALI|1|09DC|721 559
BENGALI|1|09DF|616 902 772 0 0
BENGALI|1|09E6|609 609 609 609 609 609 609 609 609 609 595 595 610 609 610 663 748 305 646 495 703 339 583 446 0
BENGALI|1|200C|16 132
BENGALI|1|110995|763
BENGALI|1|110997|491 824
BENGALI|1|11099C|894
BENGALI|1|11099E|879 494 553
BENGALI|1|1109A3|619 609 633
BENGALI|1|1109A7|634
BENGALI|1|1109AA|895
BENGALI|1|1109AC|508 655 573 734 530
BENGALI|1|1109B2|645
BENGALI|1|1109B7|574
DEVANAGARI|0|0020|260
DEVANAGARI|0|0900|0 -2 1 176 774 772 1037 505 510 556 795 864 708 560 560 578 566 1036 1036 1048 1028 770 862 548 606 565 651 706 768 790 801 539 589 557 560 741 583 647 495 631 557 562 580 802 594 721 607 589 423 414 705 770 770 583 648 566 680 544 0 262 -26 473 255 262 263 32 132 14 0 0 0 -6 -6 262 262 260 264 -347 277 262 924
DEVANAGARI|0|0955|0 0 0 778 829 570 752 542 570 781 588 864 708 0 0
DEVANAGARI|0|0966|527 527 527 527 527 527 527 527 527 527 432 321 774 774 1036 1036 774 774 562 753 589 571 753 475 548 578
DEVANAGARI|0|200C|0 143
DEVANAGARI|0|A8E0|0 0 0 0 0 0 0 0 0 0 0 0 0 0 0 0 0 0 496 496 496 496 496 496 739 681 0 705 805 617 560 0
DEVANAGARI|0|110915|868
DEVANAGARI|0|110917|493 557
DEVANAGARI|0|11091A|587 801
DEVANAGARI|0|11091F|368 460
DEVANAGARI|0|110923|608 697 632 474 726 592
DEVANAGARI|0|11092A|602 734
DEVANAGARI|0|11092E|576 672 350
DEVANAGARI|0|110932|739
DEVANAGARI|0|110935|571
DEVANAGARI|0|110937|313 678 509
DEVANAGARI|0|11094D|-3
DEVANAGARI|1|0020|260
DEVANAGARI|1|0900|0 -2 2 191 861 857 1163 535 538 593 836 938 767 613 613 631 620 1157 1157 1170 1148 830 917 601 663 597 709 762 807 855 893 577 619 590 601 818 630 720 526 704 615 621 629 868 639 798 660 643 454 445 766 819 818 627 726 615 740 579 0 297 -30 534 290 298 298 35 143 12 0 0 0 -6 -7 297 297 293 297 -379 314 297 1035
DEVANAGARI|1|0955|0 0 0 838 885 623 794 576 609 839 641 938 767 0 0
DEVANAGARI|1|0966|566 566 566 566 566 566 566 566 566 566 451 336 861 861 1157 1157 861 861 610 794 641 624 794 508 577 625
DEVANAGARI|1|200C|0 148
DEVANAGARI|1|A8E0|0 0 0 0 0 0 0 0 0 0 0 0 0 0 0 0 0 0 533 533 533 533 533 533 796 737 0 718 847 671 613 0
DEVANAGARI|1|110915|938
DEVANAGARI|1|110917|538 607
DEVANAGARI|1|11091A|638 863
DEVANAGARI|1|11091F|388 493
DEVANAGARI|1|110923|678 748 694 499 798 651
DEVANAGARI|1|11092A|650 794
DEVANAGARI|1|11092E|630 722 377
DEVANAGARI|1|110932|802
DEVANAGARI|1|110935|620
DEVANAGARI|1|110937|361 740 540
DEVANAGARI|1|11094D|-2
ETHIOPIC|0|1200|618 745 508 516 528 726 774 900 590 667 753 569 772 664 869 687 757 867 885 757 929 757 757 895 959 1097 959 892 956 872 872 892 834 961 847 834 857 935 834 834 536 615 574 664 609 510 607 664 618 716 744 618 774 618 618 697 618 743 736 618 774 634 618 697 651 651 651 640 651 651 651 651 780
ETHIOPIC|0|124A|952 651 651 941
ETHIOPIC|0|1250|651 651 651 665 651 748 638
ETHIOPIC|0|1258|718
ETHIOPIC|0|125A|952 651 651 941
ETHIOPIC|0|1260|618 740 738 610 774 742 610 697 618 769 736 608 774 731 608 697 601 601 601 618 604 601 601 601 615 615 615 619 601 732 634 608 554 660 673 571 700 578 723 723 807
ETHIOPIC|0|128A|817 642 700 784
ETHIOPIC|0|1290|419 526 527 511 464 488 607 601 565 705 705 559 590 539 674 601 553 686 715 547 742 553 532 620 648 771 771 639 804 648 648 730 977
ETHIOPIC|0|12B2|901 682 795 891
ETHIOPIC|0|12B8|823 948 947 819 979 822 819
ETHIOPIC|0|12C0|1138
ETHIOPIC|0|12C2|1068 858 975 1025
ETHIOPIC|0|12C8|757 851 680 680 680 871 680 862 598 746 649 559 690 598 517
ETHIOPIC|0|12D8|549 676 677 549 705 676 549 619 803 803 803 803 832 828 803 803 469 511 646 483 643 707 632 744 601 851 853 717 725 711 688 716 601 837 838 715 695 700 688 745 601 848 842 696 773 686 688 818 571 699 699 585 727 751 571 599 839
ETHIOPIC|0|1312|832 571 727 819
ETHIOPIC|0|1318|603 711 707 605 742 762 638 722 975 1088 1085 955 1131 992 955 1015 1097 1094 1099 1097 1260 1137 1097 1084 551 731 718 539 741 652 542 681 551 711 722 541 741 642 545 705 598 735 550 484 549 598 517 602 663 609 646 627 738 626 654 642 601 601 601 611 604 601 671 601 651 1008 681
ETHIOPIC|0|135D|0 0 0 733 268 506 386 386 386 578 268 626 563 563 563 563 563 563 563 599 563 553 598 563 598 563 632 563 775 563 563 629
ETHIOPIC|0|1380|1293 1168 945 1257 932 887 774 1069 844 807 847 820 754 727 601 892 268 483 268 268 483 795 392 929 929 417
ETHIOPIC|0|2D80|976 886 769 736 736 742 623 634 623 674 576 677 749 755 770 1082 1222 696 760 898 835 742 812
ETHIOPIC|0|2DA0|773 911 873 786 932 744 770
ETHIOPIC|0|2DA8|615 615 615 619 601 732 634
ETHIOPIC|0|2DB0|803 803 803 803 832 828 803
ETHIOPIC|0|2DB8|1223 1221 1215 1219 1380 1260 1216
ETHIOPIC|0|2DC0|651 651 651 630 651 741 651
ETHIOPIC|0|2DC8|642 771 771 642 804 658 655
ETHIOPIC|0|2DD0|818 925 945 824 974 824 822
ETHIOPIC|0|2DD8|571 693 691 571 727 741 571
ETHIOPIC|0|AB01|716 744 618 774 618 618
ETHIOPIC|0|AB09|837 838 665 695 700 688
ETHIOPIC|0|AB11|672 723 549 755 713 549
ETHIOPIC|0|AB20|1097 1094 1104 1098 1262 1138 1097
ETHIOPIC|0|AB28|559 726 715 559 746 659 559
ETHIOPIC|1|1200|649 757 570 580 625 746 839 950 661 737 803 648 854 730 951 748 806 942 945 806 1021 806 806 951 1056 1193 1046 1005 1105 989 989 1005 910 1022 900 910 986 1011 910 910 538 620 595 677 624 553 680 677 649 762 764 649 836 649 649 700 649 771 781 649 836 685 649 700 698 698 698 685 698 698 698 698 857
ETHIOPIC|1|124A|978 698 698 968
ETHIOPIC|1|1250|698 698 698 705 698 779 668
ETHIOPIC|1|1258|835
ETHIOPIC|1|125A|966 698 698 968
ETHIOPIC|1|1260|649 757 748 644 836 764 644 700 649 785 781 636 836 734 636 700 613 613 613 644 653 613 613 613 647 647 647 646 651 738 690 630 578 688 689 603 760 631 804 804 881
ETHIOPIC|1|128A|823 679 760 835
ETHIOPIC|1|1290|439 547 544 560 542 598 688 613 596 759 724 610 708 618 716 613 603 726 757 589 819 650 589 736 676 784 786 664 863 671 670 752 1027
ETHIOPIC|1|12B2|914 731 851 918
ETHIOPIC|1|12B8|846 953 956 844 1033 838 834
ETHIOPIC|1|12C0|1209
ETHIOPIC|1|12C2|1108 900 1031 1080
ETHIOPIC|1|12C8|807 936 756 756 756 944 756 932 587 727 704 608 779 587 563
ETHIOPIC|1|12D8|605 719 720 605 797 734 605 672 863 863 863 863 926 889 863 863 514 541 677 544 723 745 695 808 613 914 925 805 788 777 715 767 613 925 927 804 788 743 715 767 618 927 926 767 848 727 717 892 618 742 734 621 805 776 618 653 929
ETHIOPIC|1|1312|886 618 805 892
ETHIOPIC|1|1318|633 743 736 633 813 792 668 753 1077 1181 1186 1077 1264 1112 1077 1155 1182 1190 1186 1189 1389 1234 1189 1167 625 765 788 609 809 714 614 742 625 774 792 612 809 708 618 762 587 727 550 527 597 587 563 665 673 687 750 691 862 676 760 694 613 613 613 642 653 613 657 613 662 1116 755
ETHIOPIC|1|135D|0 0 0 799 264 547 390 390 390 612 264 688 579 579 579 579 579 579 579 651 579 517 654 621 662 579 653 614 791 579 579 761
ETHIOPIC|1|1380|1446 1266 1094 1404 997 900 836 1150 909 836 924 982 820 739 650 939 264 461 264 264 461 782 416 903 884 424
ETHIOPIC|1|2D80|1061 1021 842 765 765 772 643 690 702 716 674 722 757 784 789 1186 1327 753 774 964 868 813 860
ETHIOPIC|1|2DA0|783 914 905 796 958 791 769
ETHIOPIC|1|2DA8|647 647 647 646 651 738 690
ETHIOPIC|1|2DB0|863 863 863 863 926 889 865
ETHIOPIC|1|2DB8|1323 1348 1298 1309 1507 1354 1307
ETHIOPIC|1|2DC0|698 698 698 686 698 771 698
ETHIOPIC|1|2DC8|728 784 786 735 863 728 728
ETHIOPIC|1|2DD0|880 1002 999 877 1067 877 881
ETHIOPIC|1|2DD8|618 722 728 608 805 766 618
ETHIOPIC|1|AB01|762 764 649 836 649 649
ETHIOPIC|1|AB09|925 927 752 788 743 715
ETHIOPIC|1|AB11|725 765 605 830 751 605
ETHIOPIC|1|AB20|1189 1186 1204 1189 1399 1233 1188
ETHIOPIC|1|AB28|610 797 786 610 799 733 610
GEORGIAN|0|10A0|874 733 679 834 615 768 753 914 453 620 843 882 625 854 781 629 912 621 620 854 866 724 630 621 625 620 818 874 615 623 625 725 844 596 688 596 594 738
GEORGIAN|0|10D0|508 518 581 818 508 513 500 801 518 510 1064 522 522 786 508 518 796 522 654 522 825 513 786 518 518 522 571 522 518 520 522 454 508 518 508 508 518 554 828 552 508 571 508
GEORGIAN|0|10FC|324
GEORGIAN|0|2D00|591 595 564 602 587 911 626 952 595 607 954 620 595 926 595 806 931 584 592 923 953 828 596 595 590 592 592 621 920 589 586 581 914 596 595 592 642 901
GEORGIAN|1|10A0|874 733 679 834 615 768 753 914 453 620 843 882 625 854 781 629 912 621 620 854 866 724 630 621 625 620 818 874 615 623 625 725 844 596 688 596 594 738
GEORGIAN|1|10D0|554 563 622 834 555 564 551 828 563 556 1074 568 568 814 554 563 823 568 700 591 852 560 814 563 553 568 622 568 553 566 568 540 554 559 553 554 553 587 853 604 563 622 554
GEORGIAN|1|10FC|324
GEORGIAN|1|2D00|663 676 661 629 661 1032 718 1032 648 667 1032 673 677 1036 680 886 1032 683 674 1035 1033 1027 676 673 667 667 660 671 1039 673 692 659 1048 660 654 670 733 1017
GUJARATI|0|0020|299
GUJARATI|0|0A81|0 5 248
GUJARATI|0|0A85|879 1152 611 640 650 897 839 704 892
GUJARATI|0|0A8F|878 892 1159
GUJARATI|0|0A93|1156 1159 553 786 666 639 495 686 739 833 705 699 451 522 486 521 821 583 647 446 615 556
GUJARATI|0|0AAA|560 553 713 816 595 593 412
GUJARATI|0|0AB2|647 752
GUJARATI|0|0AB5|596 676 583 709 645
GUJARATI|0|0ABC|0 476 254 279 266 19 -1 -74 0 0
GUJARATI|0|0AC7|7 0 268
GUJARATI|0|0ACB|278 268 -265
GUJARATI|0|0AD0|899
GUJARATI|0|0AE0|904 704 0 0
GUJARATI|0|0AE6|557 557 557 557 557 557 557 557 557 557 387 827
GUJARATI|0|0AF9|830 0 0 0 0 0 0
GUJARATI|0|110A95|581
GUJARATI|0|110A9A|685 741
GUJARATI|0|110A9F|473 509
GUJARATI|0|110AA3|752 661 560
GUJARATI|0|110AA7|632
GUJARATI|0|110AAA|559
GUJARATI|0|110AAE|509 689 295
GUJARATI|0|110AB5|552
GUJARATI|0|110AB7|482
GUJARATI|1|0020|299
GUJARATI|1|0A81|0 5 260
GUJARATI|1|0A85|937 1239 648 681 688 935 914 760 949
GUJARATI|1|0A8F|934 949 1244
GUJARATI|1|0A93|1242 1244 587 851 725 679 548 734 784 902 762 748 490 556 527 551 903 631 712 481 658 620
GUJARATI|1|0AAA|597 587 771 871 629 644 440
GUJARATI|1|0AB2|697 803
GUJARATI|1|0AB5|636 741 614 753 680
GUJARATI|1|0ABC|0 507 282 305 292 21 -1 -79 0 0
GUJARATI|1|0AC7|6 0 295
GUJARATI|1|0ACB|306 295 -286
GUJARATI|1|0AD0|993
GUJARATI|1|0AE0|983 760 0 0
GUJARATI|1|0AE6|576 576 576 576 576 576 576 576 576 576 400 857
GUJARATI|1|0AF9|898 0 0 0 0 0 0
GUJARATI|1|110A95|612
GUJARATI|1|110A9A|724 792
GUJARATI|1|110A9F|499 541
GUJARATI|1|110AA3|832 710 616
GUJARATI|1|110AA7|682
GUJARATI|1|110AAA|600
GUJARATI|1|110AAE|539 738 315
GUJARATI|1|110AB5|596
GUJARATI|1|110AB7|533
GURMUKHI|0|0020|260
GURMUKHI|0|0A01|0 -7 413
GURMUKHI|0|0A05|758 1002 833 829 664 794
GURMUKHI|0|0A0F|572 758
GURMUKHI|0|0A13|676 757 630 592 758 772 591 667 648 626 603 578 576 669 609 661 642 549 606 628 600 662
GURMUKHI|0|0A2A|555 644 625 590 603 711 595
GURMUKHI|0|0A32|693 687
GURMUKHI|0|0A35|576 615
GURMUKHI|0|0A38|608 590
GURMUKHI|0|0A3C|6
GURMUKHI|0|0A3E|238 273 266 7 4
GURMUKHI|0|0A47|2 -2
GURMUKHI|0|0A4B|2 -19 -215
GURMUKHI|0|0A51|0
GURMUKHI|0|0A59|610 765 639 580
GURMUKHI|0|0A5E|591
GURMUKHI|0|0A66|562 562 562 562 562 562 562 562 562 562 0 6 568 675 1514 0 286
GURMUKHI|0|110A30|555
GURMUKHI|0|110A39|408
GURMUKHI|1|0020|260
GURMUKHI|1|0A01|0 -7 449
GURMUKHI|1|0A05|829 1095 914 910 703 840
GURMUKHI|1|0A0F|621 829
GURMUKHI|1|0A13|716 828 660 634 836 823 641 706 697 667 605 608 612 703 649 713 666 587 650 667 644 696
GURMUKHI|1|0A2A|596 696 669 638 632 773 634
GURMUKHI|1|0A32|731 725
GURMUKHI|1|0A35|606 658
GURMUKHI|1|0A38|643 628
GURMUKHI|1|0A3C|11
GURMUKHI|1|0A3E|259 306 299 8 4
GURMUKHI|1|0A47|2 -2
GURMUKHI|1|0A4B|2 -20 -229
GURMUKHI|1|0A51|0
GURMUKHI|1|0A59|654 844 685 620
GURMUKHI|1|0A5E|640
GURMUKHI|1|0A66|589 589 589 589 589 589 589 589 589 589 -1 6 616 715 1572 0 306
GURMUKHI|1|110A30|591
GURMUKHI|1|110A39|435
KANNADA|0|0020|288
KANNADA|0|0C80|556 0 600 309 1044 819 904 678 1010 1150 1597 1191 706
KANNADA|0|0C8E|754 774 807
KANNADA|0|0C92|807 775 841 581 811 646 986 775 768 843 778 1379 966 850 620 834 763 822 593 773 759 793 713
KANNADA|0|0CAA|759 784 766 811 1125 1308 705 893 772 728
KANNADA|0|0CB5|819 582 681 665 772
KANNADA|0|0CBC|0 446 458 22 482 342 724 217 494
KANNADA|0|0CC6|-28 401 165
KANNADA|0|0CCA|508 824 393 -535
KANNADA|0|0CD5|408 183
KANNADA|0|0CDD|599 869
KANNADA|0|0CE0|1570 706 73 73
KANNADA|0|0CE6|688 688 688 688 688 688 688 688 688 688
KANNADA|0|0CF1|531 752 312
KANNADA|0|110C95|701
KANNADA|0|110C97|704
KANNADA|0|110C9A|790 779
KANNADA|0|110C9F|684
KANNADA|0|110CA3|1051 681 690 724 692 723
KANNADA|0|110CAA|723
KANNADA|0|110CAC|713
KANNADA|0|110CAE|1179 869 648
KANNADA|0|110CB2|627 798
KANNADA|0|110CB5|707
KANNADA|0|110CB7|635
KANNADA|1|0020|288
KANNADA|1|0C80|612 0 659 347 1125 914 1000 773 1087 1252 1750 1272 811
KANNADA|1|0C8E|814 834 876
KANNADA|1|0C92|897 866 939 640 879 701 1069 866 853 924 869 1416 1091 946 675 903 829 917 655 822 821 849 771
KANNADA|1|0CAA|826 845 852 900 1193 1360 750 982 830 793
KANNADA|1|0CB5|894 643 750 720 823
KANNADA|1|0CBC|0 505 517 26 568 341 805 240 514
KANNADA|1|0CC6|-28 473 170
KANNADA|1|0CCA|566 947 450 -579
KANNADA|1|0CD5|479 187
KANNADA|1|0CDD|633 958
KANNADA|1|0CE0|1733 811 73 73
KANNADA|1|0CE6|688 688 688 688 688 688 688 688 688 688
KANNADA|1|0CF1|578 892 358
KANNADA|1|110C95|754
KANNADA|1|110C97|758
KANNADA|1|110C9A|875 854
KANNADA|1|110C9F|754
KANNADA|1|110CA3|1183 722 741 767 741 788
KANNADA|1|110CAA|790
KANNADA|1|110CAC|798
KANNADA|1|110CAE|1249 928 688
KANNADA|1|110CB2|667 861
KANNADA|1|110CB5|777
KANNADA|1|110CB7|689
KHMER|0|0020|260
KHMER|0|1780|627 650 641 874 624 592 676 602 1252 889 588 633 635 924 1182 571 605 577 640 602 609 612 644 646 641 924 259 931 335 636 636 895 973 839 692 635 933 635 929 635 635 734 636 635 631 636 708 656 635 664 580 635 0 0 316 46 22 108 0 3 80 11 272 906 763 325 302 306 672 725 -32 379 287 35 0 14 12 -22 0 6 -2 0 -536 0 612 732 477 626 1960 732 1399 332 733 0
KHMER|0|17E0|635 635 752 861 635 635 635 781 635 635
KHMER|0|17F0|391 433 166 715 433 391 269 568 287 466
KHMER|0|19E0|635 635 801 861 684 636 635 781 635 635 1270 1270 1387 1476 1250 1270 635 635 801 861 684 635 635 781 635 635 1270 1270 1386 1496 1270 1250
KHMER|0|111781|641 578
KHMER|0|111785|594
KHMER|0|111787|624
KHMER|0|111789|818 561 567 617
KHMER|0|111790|595 605 516 574 750
KHMER|0|111798|539 823 815 575 499
KHMER|0|11179F|883 794
KHMER|1|0020|260
KHMER|1|1780|670 697 684 917 672 651 742 656 1296 934 629 686 677 973 1224 616 666 614 694 646 656 667 682 677 688 951 332 972 403 682 685 939 1017 918 746 689 984 682 958 680 680 810 682 685 668 674 732 699 673 699 616 667 0 0 323 46 23 109 0 4 77 15 295 933 805 351 328 344 714 770 -35 394 291 38 0 17 14 -23 0 7 -4 0 -583 0 614 786 478 629 2114 732 1381 383 728 0
KHMER|1|17E0|673 673 836 898 686 663 673 847 673 673
KHMER|1|17F0|392 437 170 747 437 393 269 629 277 438
KHMER|1|19E0|635 635 834 861 685 637 635 808 635 635 1270 1270 1471 1525 1312 1274 637 635 846 861 690 635 635 808 635 635 1270 1270 1423 1496 1270 1305
KHMER|1|111781|686 628
KHMER|1|111785|645
KHMER|1|111787|680
KHMER|1|111789|866 611 619 654
KHMER|1|111790|649 648 569 625 799
KHMER|1|111798|584 861 848 616 558
KHMER|1|11179F|931 838
LAO|0|0020|318
LAO|0|0E81|670 684
LAO|0|0E84|688
LAO|0|0E87|482 628
LAO|0|0E8A|684
LAO|0|0E8D|688
LAO|0|0E94|669 642 645 655
LAO|0|0E99|659 625 625 745 767 687 687
LAO|0|0EA1|702 688 684
LAO|0|0EA5|649
LAO|0|0EA7|632
LAO|0|0EAA|703 819
LAO|0|0EAD|633 684 788 632 0 539 539 0 0 0 0 0 0
LAO|0|0EBB|0 0 663
LAO|0|0EC0|375 657 460 547 491
LAO|0|0EC6|674
LAO|0|0EC8|0 0 0 0 0 0
LAO|0|0ED0|636 641 641 670 625 625 703 670 674 677
LAO|0|0EDC|1028 1028
LAO|1|0020|318
LAO|1|0E81|790 748
LAO|1|0E84|749
LAO|1|0E87|569 742
LAO|1|0E8A|744
LAO|1|0E8D|761
LAO|1|0E94|706 704 747 819
LAO|1|0E99|730 727 727 922 827 866 866
LAO|1|0EA1|836 761 770
LAO|1|0EA5|769
LAO|1|0EA7|713
LAO|1|0EAA|827 1031
LAO|1|0EAD|724 784 934 688 0 610 610 0 0 0 0 0 0
LAO|1|0EBB|0 0 670
LAO|1|0EC0|516 860 516 650 632
LAO|1|0EC6|759
LAO|1|0EC8|0 0 0 0 0 0
LAO|1|0ED0|771 771 693 836 729 729 849 790 759 910
LAO|1|0EDC|1363 1363
MALAYALAM|0|0020|309
MALAYALAM|0|0D00|0 0 423 336 583 1437 1627 1034 1745 729 1451 871 1167
MALAYALAM|0|0D0E|1138 1308 1988
MALAYALAM|0|0D12|740 1259 1510 1053 1105 889 1298 850 803 1349 869 1655 1446 569 655 1223 1334 1379 1079 896 644 927 864 1021 829 1129 1281 759 798 1002 734 612 884 864 649 983 1055 1293 1188 1175 773 0 0 466 505 241 255 348 308 256 243
MALAYALAM|0|0D46|632 529 1452
MALAYALAM|0|0D4A|1189 1078 1684 -501 0 1244
MALAYALAM|0|0D54|646 1033 725 759 1223 1131 1071 958 1518 2010 1375 1341 871 1320 0 0
MALAYALAM|0|0D66|576 896 859 1083 797 971 1223 743 958 1122 1084 907 1411 784 920 1233 1387 1713 2178 1147 1519 1062 736 1198 1044 1206
MALAYALAM|0|200C|-52 617
MALAYALAM|0|110D15|950
MALAYALAM|0|110D19|1142 751
MALAYALAM|0|110D1F|625
MALAYALAM|0|110D24|1151 1004
MALAYALAM|0|110D28|887
MALAYALAM|0|110D2A|649
MALAYALAM|0|110D2E|740 842 687 655 559 991
MALAYALAM|0|110D35|677
MALAYALAM|0|110D37|1193 775
MALAYALAM|0|110D4D|-62
MALAYALAM|1|0020|309
MALAYALAM|1|0D00|0 0 467 367 640 1592 1807 1107 1884 802 1588 1010 1298
MALAYALAM|1|0D0E|1241 1454 2183
MALAYALAM|1|0D12|822 1405 1662 1169 1223 968 1435 943 871 1477 932 1825 1619 618 714 1334 1472 1502 1205 982 713 1014 945 1126 905 1250 1409 856 893 1108 815 669 972 941 726 1087 1163 1432 1298 1293 784 0 0 526 578 288 302 397 352 305 291
MALAYALAM|1|0D46|698 582 1600
MALAYALAM|1|0D4A|1332 1201 1842 -547 0 1353
MALAYALAM|1|0D54|707 1143 814 828 1338 1247 1176 1059 1668 2189 1520 1482 1010 1472 0 0
MALAYALAM|1|0D66|620 982 931 1185 867 1095 1338 814 1049 1228 1137 999 1552 811 1026 1360 1483 1910 2380 1230 1677 1181 820 1343 1159 1348
MALAYALAM|1|200C|-57 691
MALAYALAM|1|110D15|1041
MALAYALAM|1|110D19|1257 824
MALAYALAM|1|110D1F|692
MALAYALAM|1|110D24|1283 1093
MALAYALAM|1|110D28|946
MALAYALAM|1|110D2A|700
MALAYALAM|1|110D2E|819 946 777 725 603 1068
MALAYALAM|1|110D35|762
MALAYALAM|1|110D37|1333 845
MALAYALAM|1|110D4D|-67
MYANMAR|0|0020|260
MYANMAR|0|1000|1143 674 633 1136 661 661 1119 764 878 643 1103 673 666 673 684 1213 1127 1122 626 585 597 704 688 683 1139 688 1128 689 1123 649 1131 1102 673 1066 1134 1111 1346 660 690 637 694 1383 2477 265 453 -26 12 41 1 643 -16 0 0 0 -2 11 346 -421 1 257 250 16 20 1600 659 629 682 624 624 682 727 652 659 727 273 477 678 874 666 1148 675 683 668 668 667 658 373 377 0 0 624 878 676 666 0 0 0 696 339 668 405 674 660 438 339 427 438 438 438 427 1266 1113 1115 0 0 0 0 674 679 681 1136 1137 1115 1137 1140 1139 1110 684 1135 660 0 339 598 0 0 350 349 349 438 349 661 0 680 349 769 652 685 727 741 725 725 561 660 660 349 350 438 0 339 964
MYANMAR|0|A9E0|683 1138 1138 1140 1135 0 352 1115 1135 1137 1137 1135 1268 1135 1136 675 769 718 666 746 746 747 747 684 751 1137 1137 1135 1136 683 1137
MYANMAR|0|AA60|1136 1135 889 1139 1137 1115 1135 1136 1137 1138 1138 675 1268 1009 1136 888 402 1133 1267 889 964 1396 1427 984 727 696 1347 349 0 649 942 1398
MYANMAR|0|111001|581 677
MYANMAR|0|111010|910
MYANMAR|0|111015|638
MYANMAR|0|111019|630
MYANMAR|1|0020|260
MYANMAR|1|1000|1123 689 649 1113 669 674 1086 790 917 671 1068 680 661 680 713 1296 1101 1093 641 597 600 727 708 702 1115 704 1104 693 1095 664 1107 1069 680 997 1106 1090 1384 655 698 631 765 1421 2496 311 402 -31 11 54 0 654 -22 0 0 0 -2 14 382 -418 -2 312 354 20 35 1528 666 626 729 626 626 765 765 650 666 765 310 540 685 977 661 1296 690 698 697 682 633 665 377 397 0 0 626 917 686 666 0 0 0 739 340 661 425 699 666 446 402 459 455 455 455 459 1355 1094 1079 0 0 0 0 704 701 700 1113 1113 1074 1114 1104 1101 1042 699 1109 666 0 340 605 0 0 406 386 386 456 386 729 0 699 386 765 647 693 735 750 746 733 556 666 666 386 406 456 0 402 1015
MYANMAR|1|A9E0|700 1114 1116 1104 1109 0 436 1106 1109 1112 1112 1111 1358 1112 1112 691 765 772 699 765 765 757 757 746 766 1148 1112 1111 1112 698 1112
MYANMAR|1|AA60|1113 1110 932 1109 1113 1074 1112 1112 1112 1112 1112 691 1358 1140 1112 933 399 1112 1353 934 1014 1428 1500 1051 735 699 1381 406 0 644 1031 1446
MYANMAR|1|111001|592 705
MYANMAR|1|111010|890
MYANMAR|1|111015|652
MYANMAR|1|111019|643
SINHALA|0|0020|390
SINHALA|0|0D81|0 465 318
SINHALA|0|0D85|719 1039 998 1022 739 730 701 1221 1261 1705 1116 1602 806 860 1436 888 886 1405
SINHALA|0|0D9A|972 890 915 902 864 1055 839 830 879 1483 1352 1177 953 850 853 827 862 1222 1009 925 806 596 903 949
SINHALA|0|0DB3|726 753 812 899 953 862 891 872 680
SINHALA|0|0DBD|827
SINHALA|0|0DC0|840 855 843 874 959 793 840
SINHALA|0|0DCA|-23
SINHALA|0|0DCF|338 305 338 15 0 64
SINHALA|0|0DD6|223
SINHALA|0|0DD8|455 632 663 1262 1039 996 1338 523
SINHALA|0|0DE6|325 835 1190 1503 790 577 898 398 702 1189
SINHALA|0|0DF2|905 528 1806
SINHALA|0|200D|-341
SINHALA|0|110D9A|1049
SINHALA|0|110D9C|912
SINHALA|0|110DA0|874
SINHALA|0|110DA7|874
SINHALA|0|110DA9|810
SINHALA|0|110DAB|1167
SINHALA|0|110DAD|958 857 607 924 939
SINHALA|0|110DB4|837
SINHALA|0|110DB8|845
SINHALA|0|110DBD|910
SINHALA|0|110DC0|915
SINHALA|0|110DC2|904
SINHALA|0|110DCA|28
SINHALA|1|0020|347
SINHALA|1|0D81|0 491 314
SINHALA|1|0D85|750 1085 1070 1084 770 751 744 1309 1354 1841 1229 1775 837 909 1530 904 897 1495
SINHALA|1|0D9A|974 916 934 912 886 1116 838 867 941 1466 1361 1223 1049 838 880 854 898 1250 1064 937 836 625 915 954
SINHALA|1|0DB3|784 770 853 927 968 884 918 879 700
SINHALA|1|0DBD|855
SINHALA|1|0DC0|843 865 868 880 981 817 871
SINHALA|1|0DCA|-21
SINHALA|1|0DCF|359 339 372 16 0 70
SINHALA|1|0DD6|244
SINHALA|1|0DD8|497 659 696 1335 1110 1068 1450 571
SINHALA|1|0DE6|390 905 1255 1609 831 620 933 403 731 1254
SINHALA|1|0DF2|991 582 1928
SINHALA|1|200D|-321
SINHALA|1|110D9A|1059
SINHALA|1|110D9C|925
SINHALA|1|110DA0|877
SINHALA|1|110DA7|862
SINHALA|1|110DA9|831
SINHALA|1|110DAB|1189
SINHALA|1|110DAD|971 891 633 932 939
SINHALA|1|110DB4|865
SINHALA|1|110DB8|863
SINHALA|1|110DBD|943
SINHALA|1|110DC0|921
SINHALA|1|110DC2|937
SINHALA|1|110DCA|33
TAMIL|0|0020|260
TAMIL|0|0B82|352 896
TAMIL|0|0B85|1074 1338 1096 755 996 1560
TAMIL|0|0B8E|759 777 1022
TAMIL|0|0B92|1137 997 2051 816
TAMIL|0|0B99|1064 694
TAMIL|0|0B9C|1022
TAMIL|0|0B9E|1210 731
TAMIL|0|0BA3|1655 815
TAMIL|0|0BA8|759 1223 726
TAMIL|0|0BAE|852 912 646 894 1084 1120 857 1057 1172 1345 1285 1619
TAMIL|0|0BBE|630 232 18 222 450
TAMIL|0|0BC6|901 752 1139
TAMIL|0|0BCA|1654 1415 2150 16
TAMIL|0|0BD0|1141
TAMIL|0|0BD7|1070
TAMIL|0|0BE6|650 825 1067 985 941 1051 1006 801 1121 1155 875 887 965 985 1268 2223 1027 1328 1965 1050 1214
TAMIL|0|110B95|831
TAMIL|0|110B9A|746
TAMIL|0|110B9F|699
TAMIL|0|110BA4|856
TAMIL|0|110BA8|816 1240 740
TAMIL|0|110BAE|864 1043
TAMIL|0|110BB1|829 1020 994
TAMIL|0|110BB5|1021
TAMIL|0|110BCD|4
TAMIL|1|0020|260
TAMIL|1|0B82|380 989
TAMIL|1|0B85|1161 1477 1207 908 1014 1698
TAMIL|1|0B8E|842 858 1123
TAMIL|1|0B92|1304 1142 2297 909
TAMIL|1|0B99|1203 778
TAMIL|1|0B9C|1123
TAMIL|1|0B9E|1358 801
TAMIL|1|0BA3|1856 903
TAMIL|1|0BA8|856 1349 773
TAMIL|1|0BAE|933 980 699 1000 1208 1240 930 1161 1291 1528 1421 1778
TAMIL|1|0BBE|682 269 24 254 508
TAMIL|1|0BC6|985 826 1257
TAMIL|1|0BCA|1821 1552 2376 15
TAMIL|1|0BD0|1274
TAMIL|1|0BD7|1175
TAMIL|1|0BE6|674 915 1088 1095 1053 1187 1136 878 1220 1358 975 977 1100 1093 1383 2544 1118 1443 2206 1174 1305
TAMIL|1|110B95|918
TAMIL|1|110B9A|830
TAMIL|1|110B9F|749
TAMIL|1|110BA4|945
TAMIL|1|110BA8|919 1362 791
TAMIL|1|110BAE|945 1139
TAMIL|1|110BB1|926 1112 1096
TAMIL|1|110BB5|1120
TAMIL|1|110BCD|-2
TELUGU|0|0020|283
TELUGU|0|0C00|0 298 511 296 0 800 794 689 994 814 1095 1442 882
TELUGU|0|0C0E|681 711 727
TELUGU|0|0C12|746 731 731 531 706 580 1068 731 780 760 748 1286 979 724 593 760 740 809 781 706 719 736 699
TELUGU|0|0C2A|695 703 766 761 1040 1323 585 822 712 645 812 681 538 742 691 1068
TELUGU|0|0C3C|0 590 331 -13 48 346 662 385 656
TELUGU|0|0C46|-38 -14 -6
TELUGU|0|0C4A|278 222 26 -509
TELUGU|0|0C55|0 0
TELUGU|0|0C58|760 731 716
TELUGU|0|0C5D|611
TELUGU|0|0C60|1764 1227 0 324
TELUGU|0|0C66|675 665 773 546 686 711 698 573 803 698
TELUGU|0|0C77|1044 622 273 489 693 610 598 598 742
TELUGU|0|110C15|927
TELUGU|0|110C17|574
TELUGU|0|110C1A|788 890
TELUGU|0|110C1F|641 543
TELUGU|0|110C23|633 565 612 593 615 796
TELUGU|0|110C2A|742
TELUGU|0|110C2C|791
TELUGU|0|110C2F|973 555
TELUGU|0|110C32|599
TELUGU|0|110C35|959
TELUGU|0|110C37|581
TELUGU|0|110C4D|1
TELUGU|1|0020|283
TELUGU|1|0C00|0 321 557 339 0 909 888 741 1047 905 1195 1510 962
TELUGU|1|0C0E|742 775 806
TELUGU|1|0C12|813 796 796 599 772 618 1131 796 852 838 830 1324 1020 781 625 824 806 865 889 765 778 797 773
TELUGU|1|0C2A|752 768 830 831 1103 1360 613 911 773 708 902 745 607 811 759 1168
TELUGU|1|0C3C|0 644 369 -12 58 350 703 431 732
TELUGU|1|0C46|-41 -12 -8
TELUGU|1|0C4A|289 261 31 -544
TELUGU|1|0C55|0 0
TELUGU|1|0C58|838 796 775
TELUGU|1|0C5D|634
TELUGU|1|0C60|1865 1331 0 389
TELUGU|1|0C66|724 707 810 573 735 772 722 622 828 722
TELUGU|1|0C77|1125 676 307 545 764 635 617 617 795
TELUGU|1|110C15|1011
TELUGU|1|110C17|610
TELUGU|1|110C1A|868 961
TELUGU|1|110C1F|689 573
TELUGU|1|110C23|679 616 662 641 665 882
TELUGU|1|110C2A|810
TELUGU|1|110C2C|862
TELUGU|1|110C2F|1053 597
TELUGU|1|110C32|643
TELUGU|1|110C35|1045
TELUGU|1|110C37|630
TELUGU|1|110C4D|-1
THAI|0|0020|260
THAI|0|0E01|600 547 549 614 621 598 537 532 604 550 556 906 909 603 603 547 626 903 909 616 636 602 609 544 613 604 605 648 652 695 682 603 614 594 488 602 571 603 492 628 640 572 587 668 574 560 519 338 0 406 406 0 0 0 0 0 0 0
THAI|0|0E40|295 568 308 289 304 406 595 0 0 0 0 0 0 0 0 595 570 545 613 559 539 540 520 720 565 504 767 872
THAI|1|0020|260
THAI|1|0E01|624 592 601 646 658 639 571 559 623 599 603 927 937 637 637 572 650 942 937 634 654 625 644 559 646 634 635 682 683 727 718 637 646 622 518 625 599 637 514 659 675 602 622 709 593 596 543 358 0 435 435 0 0 0 0 0 0 0
THAI|1|0E40|341 642 349 338 347 435 637 0 0 0 0 0 0 0 0 644 567 533 644 566 537 554 526 750 567 549 827 906
TIBETAN|0|0020|260
TIBETAN|0|0F00|801 781 1050 1110 955 443 955 1377 490 603 889 190 202 235 379 222 222 422 1304 600 380 780 720 690 0 0 370 690 690 362 662 670 549 484 518 516 686 447 516 641 507 505 675 683 675 691 675 675 714 675 675 675 290 0 600 0 625 0 1600 1600 713 713 482 482 706 713 703 714 582 632 700 587
TIBETAN|0|0F49|536 568 604 579 581 667 577 605 580 579 671 664 656 660 641 713 653 714 610 610 745 689 585 639 741 635 699 584 612 684 562 801 704 623 704 624
TIBETAN|0|0F71|0 2 0 -4 0 0 0 0 0 -7 0 16 0 0 380 0 0 0 0 0 561 0 0 595 710 676 735 710 0 0 0 14 0 33 0 -41 0 0 -65
TIBETAN|0|0F99|-54 0 0 0 0 0 -41 0 -6 0 10 -12 0 21 0 0 15 0 6 0 0 0 0 0 -6 -5 -16 0 0 0 -5 0 0 0 0 0
TIBETAN|0|0FBE|758 758 740 542 740 780 572 474 0 918 496 678 780 780 780
TIBETAN|0|0FCE|671 662 1619 541 210 955 447
TIBETAN|0|0FD9|600 600
TIBETAN|1|0020|260
TIBETAN|1|0F00|859 825 1070 1110 1018 459 1018 1442 520 603 932 263 278 308 524 296 296 536 1304 650 400 780 720 721 0 0 400 740 740 404 744 732 609 550 532 544 723 487 548 682 507 561 699 699 699 728 699 699 778 699 699 699 387 0 620 0 645 0 1670 1670 750 750 545 545 744 735 760 760 622 663 716 588
TIBETAN|1|0F49|570 588 624 624 624 687 611 639 609 609 688 700 692 693 673 744 684 734 616 613 785 730 645 673 772 651 771 616 647 713 607 859 746 633 734 624
TIBETAN|1|0F71|0 0 0 -6 0 0 0 0 0 -11 0 18 0 0 400 0 0 0 0 0 587 0 0 645 710 776 735 710 0 0 0 15 0 49 0 -47 0 0 -76
TIBETAN|1|0F99|-56 0 0 0 0 0 -35 0 -11 0 15 -16 0 22 0 0 20 0 5 0 0 0 0 0 0 -5 -12 0 0 0 -6 0 0 0 0 0
TIBETAN|1|0FBE|758 758 770 572 770 810 572 504 0 948 496 708 810 810 810
TIBETAN|1|0FCE|728 744 1619 571 284 1022 461
TIBETAN|1|0FD9|645 645
